1
20

[Node]
0 25.0  25.0 0 0
21 25.0  25.0 0 0

[pickup]
1   0.401   2.882   0  17 20   29  89
2   0.992  42.377   0  19 20  112  172
3   8.671  23.026   0  15 20  235  295
4  32.845  31.582   0  15 20  409  469
5   1.221  19.986   0  12 20  146  206
6  30.561  28.302   0  15 20  434  494
7  36.089  46.410   0  10 20  107  167
8  38.427  21.803   0  18 20  367  427
9  31.439   5.571   0  11 20  559  619
10 47.912  10.565   0  12 20  402  462

[delivery]
11  15.455  49.859   0  -17 27   78  138
12   9.693   8.836   0  -19 29  146  206
13  12.492  13.799   0  -15 28  244  304
14  24.334  41.503   0  -15 38  422  482
15  13.111  48.089   0  -12 32  176  236
16  24.422  33.443   0  -15 32  442  502
17  25.272  28.466   0  -10 35  127  187
18  42.778  11.453   0  -18 27  378  438
19  39.423  13.020   0  -11 34  569  629
20  32.147  17.898   0  -12 34  419  479

[Speed 0]
  0.0 120.0 0.0 0.5
120.0 600.0 0.0 0.81
600.0 720.0 0.0 0.5 
720.0 840.0 0.0 0.81

[Speed 1]
  0.0 120.0 0.0 0.67
120.0 600.0 0.0 1.33
600.0 720.0 0.0 0.88 
720.0 840.0 0.0 1.33

[Speed 2]
  0.0 120.0 0.0 0.88
120.0 600.0 0.0 1.33
600.0 720.0 0.0 0.67 
720.0 840.0 0.0 1.33

[Speed 3]
  0.0 120.0 0.0 0.85
120.0 600.0 0.0 1.5
600.0 720.0 0.0 0.85 
720.0 840.0 0.0 1.5

[Speed 4]
  0.0 120.0 0.0 1.0
120.0 600.0 0.0 2.0
600.0 720.0 0.0 1.0 
720.0 840.0 0.0 2.0
 
[speed choose matrix] 
4 4 4 4 4 4 4 4 4 4 4 4 4 4 4 4 4 4 4 4 4 4  
4 4 3 2 0 1 2 4 3 2 1 4 2 3 3 1 3 1 2 3 2 4
4 3 4 3 2 4 1 0 2 3 4 2 3 2 1 3 4 3 3 2 2 4
4 1 3 4 3 2 4 3 0 1 2 1 2 4 2 0 1 2 3 1 3 4
4 0 1 3 4 3 1 4 2 4 0 1 3 2 0 4 3 3 2 1 1 4
4 2 4 1 3 4 3 2 1 1 2 3 4 0 3 2 1 2 3 1 2 4
4 1 2 4 2 3 4 3 2 2 1 3 1 4 2 3 1 1 1 2 3 4
4 4 0 3 4 1 3 4 3 2 4 2 3 1 3 0 4 3 2 2 1 4
4 3 1 0 1 2 1 3 4 1 1 3 3 2 2 4 0 2 3 3 2 4
4 1 3 2 4 2 1 1 2 4 2 2 1 1 3 3 1 1 3 3 1 4
4 2 4 1 0 1 2 4 2 1 4 3 3 2 2 1 3 3 3 2 1 4
4 4 1 2 2 3 3 1 3 1 3 4 2 1 1 3 2 1 3 2 1 4 
4 1 3 1 3 4 2 3 3 2 3 1 4 2 3 4 1 3 3 3 2 4
4 3 1 4 1 0 4 2 1 2 1 2 1 4 2 3 1 4 2 3 2 4
4 3 2 1 0 3 1 3 1 3 1 2 3 1 4 0 2 3 2 4 1 4
4 2 3 0 4 1 3 0 4 3 2 3 4 3 0 4 2 4 2 3 4 4
4 3 4 2 3 2 2 4 0 2 3 1 2 2 1 1 4 1 2 1 3 4
4 2 3 1 3 1 2 3 1 2 3 2 3 4 3 4 2 4 2 1 1 4
4 1 3 3 1 3 2 1 3 3 3 3 3 1 1 1 1 1 4 3 2 4 
4 3 1 2 2 2 1 1 3 3 1 1 3 3 4 3 2 2 3 4 3 4
4 1 1 3 2 1 3 2 1 2 2 2 1 1 2 4 3 2 1 3 4 4
4 4 4 4 4 4 4 4 4 4 4 4 4 4 4 4 4 4 4 4 4 4







