1
15

[Node]
0 25.0  25.0 0 0
41 25.0  25.0 0 0

[pickup]
1   46.070  49.150   0  17 20   28   88
2   15.395  23.920   0  19 20   96  156
3   38.336  13.008   0  15 20   169  219
4   49.706  28.635   0  15 20   54  114
5   17.748  22.292   0  12 20  423  483
6   42.549  29.924   0  15 20  112  172
7   44.178   9.661   0  10 20  511  571
8   26.591  36.243   0  18 20   36   96
9    3.855   9.895   0  11 20   24   84
10  37.401  26.569   0  11 20  293  353
11  45.989  20.442   0  18 20  402  462
12  35.511  15.228   0  14 20  496  556
13  39.026  12.034   0  15 20  477  537
14  28.364  23.084   0  18 20  299  359
15  40.399  46.524   0  11 20  267  327
16   7.711  35.675   0  11 20  300  360
17  12.451  19.724   0  15 20  538  598
18  11.466  10.009   0  11 20  378  438
19  31.894   3.068   0  17 20  549  609
20  31.193  29.453   0  10 20  64   124

[delivery]
21  43.627  19.724   0  -17 31   57  117
22   0.062  49.145   0  -19 32  125  185
23  42.389  13.101   0  -15 28  173  233
24   6.799  22.468   0  -15 34   97  157
25  24.429   6.787   0  -12 35  439  499
26  44.972  41.699   0  -15 28  124  184
27  30.090  18.098   0  -10 31  527  587
28  17.571  39.599   0  -18 31   45  105
29  30.378  32.490   0  -11 25   58  118
30  20.594   9.692   0  -11 31  316  376
31  19.930  25.913   0  -18 27  428  488
32   5.808  45.172   0  -14 30  538  598
33   0.497  25.269   0  -15 33  517  577
34  43.952  38.259   0  -18 30  320  380
35  13.843  16.968   0  -11 30  306  366
36  19.524  12.881   0  -11 34  427  487
37  30.948  13.248   0  -15 26  555  615
38  47.436   7.990   0  -11 38  414  474
39  6.843   25.729   0  -17 39  582  642
40  17.743  42.465   0  -10 51   82  142

[Speed 0]
  0.0 120.0 0.0 0.5
120.0 600.0 0.0 0.81
600.0 720.0 0.0 0.5 
720.0 840.0 0.0 0.81

[Speed 1]
  0.0 120.0 0.0 0.67
120.0 600.0 0.0 1.33
600.0 720.0 0.0 0.88 
720.0 840.0 0.0 1.33

[Speed 2]
  0.0 120.0 0.0 0.88
120.0 600.0 0.0 1.33
600.0 720.0 0.0 0.67 
720.0 840.0 0.0 1.33

[Speed 3]
  0.0 120.0 0.0 0.85
120.0 600.0 0.0 1.5
600.0 720.0 0.0 0.85 
720.0 840.0 0.0 1.5

[Speed 4]
  0.0 120.0 0.0 1.0
120.0 600.0 0.0 2.0
600.0 720.0 0.0 1.0 
720.0 840.0 0.0 2.0


[speed choose matrix] 
4 4 4 4	4 4 4 4	4 4 4 4	4 4 4 4	4 4 4 4	4 4 4 4	4 4 4 4 4 4 4 4 4 4 4 4 4 4 4 4 4 4 
4 4 3 2 0 1 2 4 3 2 1 4 2 3 3 1 3 1 2 3 2 1 2 3 3 2 1 3 2 1 2 3 2 2 1 3 2 2 3 3 2 4
4 3 4 3 2 4 1 0 2 3 4 2 3 2 1 3 4 3 3 2 2 3 3 3 2 1 1 2 3 1 3 2 3 3 2 2 2 3 2 4 3 4 
4 1 3 4 3 2 4 3 0 1 2 1 2 4 2 0 1 2 3 1 3 4 2 3 2 2 3 3 2 2 1 4 1 2 3 1 2 1 1 3 4 4
4 0 1 3 4 3 1 4 2 4 0 1 3 2 0 4 3 3 2 1 1 2 4 3 1 2 3 0 1 1 2 1 1 3 2 3 3 2 2 1 3 4
4 2 4 1 3 4 3 2 1 1 2 3 4 0 3 2 1 2 3 1 2 3 2 2 3 2 1 3 3 2 2 2 2 3 1 2 2 3 3 4 1 4
4 1 2 4 2 3 4 3 2 2 1 3 1 4 2 3 1 1 1 2 3 3 2 4 0 2 2 2 3 1 2 0 4 3 2 1 1 2 3 2 4 4
4 4 0 3 4 1 3 4 3 2 4 2 3 1 3 0 4 3 2 2 1 3 2 3 1 1 3 1 2 3 2 3 4 2 1 1 3 3 1 1 3 4
4 3 1 0 1 2 1 3 4 1 1 3 3 2 2 4 0 2 3 3 2 4 0 2 2 3 1 0 1 1 3 1 1 3 3 3 2 2 2 3 1 4
4 1 3 2 4 2 1 1 2 4 2 2 1 1 3 3 1 1 3 3 1 2 2 4 0 1 1 2 3 2 1 0 3 2 2 2 1 3 3 3 2 4
4 2 4 1 0 1 2 4 2 1 4 3 3 2 2 1 3 3 3 2 1 3 3 2 2 1 1 3 2 2 2 2 2 1 1 2 2 2 3 4 1 4
4 4 1 2 2 3 3 1 3 1 3 4 2 1 1 3 2 1 3 2 1 3 4 3 1 2 2 2 1 1 3 3 1 1 2 3 3 4 3 2 3 4 
4 1 3 1 3 4 2 3 3 2 3 1 4 2 3 4 1 3 3 3 2 1 2 3 3 2 1 1 2 1 2 2 3 3 1 2 2 2 2 1 2 4
4 3 1 4 1 0 4 2 1 2 1 2 1 4 2 3 1 4 2 3 2 3 2 2 0 4 3 0 1 2 3 3 2 2 1 1 2 4 3 1 3 4
4 3 2 1 0 3 1 3 1 3 1 2 3 1 4 0 2 3 2 4 1 2 2 3 3 0 1 2 0 1 1 3 3 2 2 2 3 3 3 2 4 4
4 2 3 0 4 1 3 0 4 3 2 3 4 3 0 4 2 4 2 3 4 4 2 1 2 3 3 3 3 2 1 2 3 3 0 4 2 3 1 2 3 4
4 3 4 2 3 2 2 4 0 2 3 1 2 2 1 1 4 1 2 1 3 2 2 0 1 1 2 2 1 2 1 0 3 1 3 3 4 2 2 2 3 4
4 2 3 1 3 1 2 3 1 2 3 2 3 4 3 4 2 4 2 1 1 3 2 1 2 3 1 3 1 1 2 2 2 2 3 2 4 3 2 4 3 4
4 1 3 3 1 3 2 1 3 3 3 3 3 1 1 1 1 1 4 3 2 2 3 2 1 2 3 2 3 3 1 1 3 3 1 2 3 2 2 3 3 4 
4 3 1 2 2 2 1 1 3 3 1 1 3 3 4 3 2 2 3 4 3 4 2 4 0 1 1 2 3 4 2 2 2 3 3 2 3 3 4 2 3 4
4 1 1 3 2 1 3 2 1 2 2 2 1 1 2 4 3 2 1 3 4 2 3 3 1 1 3 1 0 4 2 4 2 2 3 4 2 4 2 4 2 4
4 2 3 4 1 3 3 3 4 1 3 3 1 3 1 4 1 3 1 4 1 4 3 0 1 2 2 4 1 0 2 3 0 2 1 4 4 2 3 1 3 4 
4 1 3 1 4 1 1 1 0 1 3 4 3 1 1 1 1 1 3 1 3 3 4 3 0 2 1 0 1 4 3 3 3 4 2 3 3 1 1 3 4 4
4 3 3 3 3 1 4 3 1 4 1 3 3 1 3 2 0 2 1 4 3 0 3 4 2 2 3 3 2 4 0 2 2 3 1 2 3 3 3 2 4 4 
4 3 1 1 2 3 0 2 1 0 1 2 1 0 3 1 2 1 2 0 2 2 0 1 4 2 3 2 3 1 1 0 2 2 3 2 2 2 2 1 4 4 
4 1 2 1 1 1 1 2 3 2 2 1 1 4 0 3 2 3 1 2 2 1 1 1 1 4 1 2 2 3 1 3 2 2 2 3 2 2 3 4 1 4 
4 2 2 3 3 2 1 3 2 2 2 1 2 3 2 3 1 2 3 2 3 1 2 3 3 2 4 3 3 1 1 3 2 4 0 2 1 3 1 3 2 4
4 3 1 3 0 3 1 2 0 1 3 1 2 0 1 3 1 3 1 1 2 4 0 3 1 1 3 4 1 1 2 1 2 1 2 3 3 4 2 4 1 4
4 1 3 1 2 3 3 1 2 3 1 2 1 2 0 3 2 2 3 3 0 2 2 1 3 1 3 2 4 0 3 3 3 2 2 2 2 2 3 3 2 4
4 2 2 1 2 1 2 3 2 1 1 2 2 1 2 1 1 2 3 4 4 0 4 4 2 3 2 2 0 4 2 2 2 3 4 2 3 2 1 3 2 4
4 1 3 2 1 1 1 1 3 2 1 3 1 3 2 2 2 1 2 1 1 1 2 0 2 2 2 1 3 1 4 2 0 3 3 2 2 3 1 1 2 4
4 3 1 4 2 1 0 3 2 0 1 3 1 3 3 1 0 1 2 1 4 3 3 1 0 3 3 2 3 1 1 4 2 1 3 3 3 2 2 2 2 4
4 2 3 2 2 1 4 4 2 3 1 2 3 1 3 3 3 1 3 1 1 0 3 1 1 1 1 1 3 1 0 1 4 3 2 2 3 1 1 3 3 4
4 1 3 1 3 3 3 1 3 1 2 2 3 1 1 3 2 1 3 3 1 1 4 3 1 1 4 2 1 3 3 2 3 4 3 3 2 3 1 2 1 4
4 2 1 3 1 2 1 2 3 1 2 1 2 2 1 0 3 3 2 3 3 2 1 2 3 1 0 1 1 4 3 3 1 3 4 2 3 2 3 3 2 4
4 3 1 2 3 1 2 2 3 1 1 3 1 2 1 4 3 1 1 1 4 4 3 1 1 3 1 3 1 1 1 3 1 3 1 4 2 3 3 3 2 4
4 1 1 1 3 1 2 3 1 2 1 3 1 1 3 1 4 4 3 3 1 4 3 3 1 2 2 3 1 3 1 3 3 1 3 1 4 2 3 3 4 4
4 1 3 2 1 3 1 3 1 3 1 4 1 4 3 3 1 3 1 3 4 1 2 3 1 1 3 4 1 1 3 1 2 3 1 3 1 4 1 4 3 4
4 3 1 2 1 3 3 2 1 3 3 3 1 3 3 2 1 1 1 4 2 3 2 3 1 3 2 1 3 2 2 1 2 2 3 3 3 2 4 2 3 4
4 3 4 3 2 4 1 2 3 3 4 1 1 2 1 1 1 4 3 1 4 2 3 1 2 4 3 4 3 3 2 1 3 1 3 3 3 4 1 4 1 4 
4 1 3 4 3 2 4 3 2 1 2 3 3 3 4 3 3 3 3 3 1 3 4 4 4 2 1 2 1 1 1 1 3 2 1 1 4 3 3 2 4 4
4 4 4 4 4 4 4 4 4 4 4 4 4 4 4 4 4 4 4 4 4 4 4 4 4 4 4 4 4 4 4 4 4 4 4 4 4 4 4 4 4 4




