1
20

[Node]
  0  25.000  25.000   0   0  
121  25.000  25.000   0   0 

[Pickup]
  1  30.792  21.611   0   6  20  87  147  
  2  49.256   1.163   0  20  20 151  211
  3  31.284  41.613   0   9  20 275  335
  4  49.040   6.118   0  20  20  87  147  
  5  43.522   5.032   0  11  20 519  579
  6  20.092  47.851   0  14  20  35   95
  7  29.362  43.857   0  20  20 497  557
  8  43.592  16.373   0  12  20 361  421
  9   8.425  35.962   0   9  20 398  458
 10  22.590   4.106   0  16  20 263  323
 11  23.546  22.740   0  20  20  14   74
 12  24.540  28.941   0   7  20 319  379
 13  10.773   6.480   0  16  20 329  389
 14   8.468  49.652   0   7  20 139  199
 15  29.079  18.591   0   7  20  43  103
 16   6.213   8.965   0   6  20  66  126
 17  30.165  32.199   0  19  20 450  510
 18  36.175  39.439   0  16  20 286  346
 19  21.201  19.103   0  16  20 320  380
 20  33.213   8.867   0  20  20 205  265
 21   5.536   0.010   0  16  20  43  103
 22  20.402  32.033   0  12  20 327  387
 23  41.624  36.164   0   5  20 236  296
 24   6.121  13.830   0  19  20  15   75
 25   2.914  17.905   0  14  20 202  262
 26  29.446  23.643   0   5  20 101  161
 27  33.206  23.665   0  12  20 559  619
 28  43.950   8.239   0  19  20 126  186
 29   0.877  35.499   0  13  20 354  414
 30  16.035   8.880   0  18  20 445  505
 31   1.607  24.618   0   5  20 287  347
 32  33.822  45.294   0  20  20 207  267
 33   5.351  33.197   0  12  20 323  383
 34  24.858  30.971   0  17  20  94  154
 35  40.939  38.227   0  17  20 338  398
 36  38.800   1.402   0  10  20  25   85
 37  38.172  36.141   0   7  20 415  475
 38   1.899  28.514   0  13  20  21   81
 39  14.120  25.943   0   8  20 170  230
 40   3.232  19.697   0   5  20  98  158
 41  21.550  48.972   0   6  20 166  226
 42  25.121  14.175   0  13  20 246  306
 43  46.614  33.525   0   9  20 109  169
 44  26.917  10.262   0  12  20 253  313
 45  17.662  23.509   0  10  20 297  357
 46  45.891  16.132   0   8  20 231  291
 47   9.526  12.561   0  20  20 437  497
 48  44.876  15.993   0  11  20 337  397
 49  37.866   5.636   0  20  20 307  367
 50  19.544   2.811   0   6  20 217  277
 51  25.700   6.967   0  17  20   6   66
 52  25.399  15.165   0   6  20 523  583
 53  43.017  25.034   0  12  20 381  441
 54  34.450  12.529   0  16  20 242  302
 55  24.389   0.572   0  20  20 402  462
 56  45.989  10.968   0  11  20  10   70
 57   3.539  44.452   0   6  20 540  600
 58  13.724   0.521   0   7  20 267  327
 59  23.082  27.051   0   6  20 134  194
 60   6.991  28.566   0   9  20 315  375


[Delivery]
 61   1.927  28.760   0   -6 20 458  518
 62  40.713  20.398   0  -20 20 172  232
 63  23.997  42.655   0   -9 20 282  342
 64   4.641  41.602   0  -20 20 143  203
 65  19.457  28.911   0  -11 20 552  612
 66  49.712  41.703   0  -14 20  65  125
 67  27.729  30.525   0  -20 20 510  570
 68  29.411  35.205   0  -12 20 384  444
 69  21.106  14.542   0   -9 20 422  482
 70   6.231  27.622   0  -16 20 291  351
 71   5.233  21.397   0  -20 20  32   92
 72  26.298  18.397   0   -7 20 329  389
 73   0.415  27.147   0  -16 20 352  412
 74  44.045  44.430   0   -7 20 174  234
 75  31.177  33.186   0   -7 20  57  117
 76  32.344  28.953   0   -6 20  98  158
 77  28.282   9.106   0  -19 20 473  533
 78   7.452  42.655   0  -16 20 314  374
 79  43.067  20.853   0  -16 20 341  401
 80  16.577   1.804   0  -20 20 223  283
 81   5.976  14.501   0  -16 20  57  117
 82  15.093   2.601   0  -12 20 356  416
 83  10.374  31.063   0   -5 20 267  327
 84  24.231  25.224   0  -19 20  36   96
 85  28.297  11.780   0  -14 20 228  288
 86  35.637  29.455   0   -5 20 109  169
 87  20.539  15.239   0  -12 20 574  634
 88  14.764  30.114   0  -19 20 162  222
 89   1.947  14.707   0  -13 20 374  434
 90  30.085  33.939   0  -18 20 473  533
 91  21.311  25.250   0   -5 20 306  366
 92  33.972   7.487   0  -20 20 244  304
 93  43.162  13.590   0  -12 20 365  425
 94  24.153  10.356   0  -17 20 114  174
 95   4.895  49.819   0  -17 20 375  435
 96  40.441  13.417   0  -10 20  37   97
 97  49.513  33.466   0   -7 20 426  486
 98  12.350  35.096   0  -13 20  33   93
 99   0.797  45.090   0   -8 20 193  253
100   2.093  41.458   0   -5 20 119  179
101  40.711  22.952   0   -6 20 198  258
102  42.301  11.262   0  -13 20 263  323
103  27.666  25.127   0   -9 20 129  189
104  26.881   2.860   0  -12 20 260  320
105  25.203  37.360   0  -10 20 312  372
106  38.211  44.863   0   -8 20 260  320
107  36.285  23.702   0  -20 20 465  525
108  44.160  28.401   0  -11 20 349  409
109  46.204  48.128   0  -20 20 350  410
110  16.726  43.052   0   -6 20 257  317
111  25.198  45.138   0  -17 20  44  104
112  43.553  10.504   0   -6 20 541  601
113   1.422   7.970   0  -12 20 425  485
114   2.634  12.308   0  -16 20 273  333
115  16.949  37.356   0  -20 20 439  499
116  24.827   2.956   0  -11 20  32   92
117  45.364  18.704   0   -6 20 589  649
118  48.885  38.759   0   -7 20 318  378
119  41.305  35.612   0   -6 20 154  214
120  28.002   7.563   0   -9 20 344  404


[Speed 0]
  0.0 120.0 0.0 0.5
120.0 600.0 0.0 0.81
600.0 720.0 0.0 0.5 
720.0 840.0 0.0 0.81

[Speed 1]
  0.0 120.0 0.0 0.67
120.0 600.0 0.0 1.33
600.0 720.0 0.0 0.88 
720.0 840.0 0.0 1.33

[Speed 2]
  0.0 120.0 0.0 0.88
120.0 600.0 0.0 1.33
600.0 720.0 0.0 0.67 
720.0 840.0 0.0 1.33

[Speed 3]
  0.0 120.0 0.0 0.85
120.0 600.0 0.0 1.5
600.0 720.0 0.0 0.85 
720.0 840.0 0.0 1.5

[Speed 4]
  0.0 120.0 0.0 1.0
120.0 600.0 0.0 2.0
600.0 720.0 0.0 1.0 
720.0 840.0 0.0 2.0


[speed choose matrix]
3 0 0 1 4 2 0 3 0 0 0 2 0 3 4 0 4 3 3 1 4 1 3 1 3 4 4 2 2 2 0 1 3 3 0 3 0 1 0 4 1 2 3 1 0 3 4 4 1 1 1 2 3 0 0 1 1 0 0 4 1 2 3 1 2 3 0 4 1 4 0 1 3 0 0 4 0 4 0 2 1 4 1 4 0 1 2 1 1 2 1 3 3 2 2 2 2 1 1 3 3 2 1 1 1 4 0 0 4 1 3 0 2 2 1 2 4 1 2 0 1 0 
4 2 3 3 1 2 2 2 0 4 0 3 4 3 1 3 1 1 1 0 4 1 3 0 2 0 0 0 2 4 4 1 1 3 2 2 1 2 4 1 1 4 2 1 2 3 1 0 0 2 3 2 1 1 4 1 0 3 4 4 3 0 2 3 3 3 3 1 2 1 3 0 3 4 2 4 0 1 2 3 4 0 0 1 4 4 0 3 1 3 3 0 2 1 4 3 4 4 1 2 0 0 4 2 1 3 2 3 3 1 1 4 3 2 4 3 3 0 3 0 0 3 
4 1 4 0 0 0 0 3 2 0 3 0 3 0 1 1 2 0 3 4 0 0 2 1 2 2 0 2 3 1 1 4 3 4 1 0 1 4 2 2 2 1 2 3 1 1 0 1 1 2 3 3 0 2 0 3 0 2 0 2 3 1 4 2 3 1 4 0 2 3 1 4 3 1 3 4 0 1 4 2 1 1 0 4 0 1 4 4 2 1 4 2 3 4 2 4 4 2 3 1 1 3 3 1 0 4 4 4 3 2 2 2 0 1 2 0 0 2 1 0 1 0 
1 2 2 1 2 4 2 4 2 4 2 4 4 0 0 2 4 1 3 4 0 1 1 2 0 1 2 3 4 1 4 3 0 4 1 0 4 0 3 2 2 4 2 0 2 2 4 4 0 3 0 3 0 1 1 3 0 1 0 0 0 4 2 1 4 3 0 4 2 0 2 2 0 4 3 3 2 1 0 2 4 0 3 3 2 0 2 2 1 0 2 2 4 2 4 1 0 4 3 1 1 0 2 1 2 1 1 2 3 3 3 0 2 4 2 0 1 3 4 2 2 3 
4 3 4 0 3 2 4 3 2 3 3 0 3 2 1 0 4 4 4 2 1 1 2 1 4 4 0 4 3 2 0 0 2 4 2 0 0 4 1 1 0 3 1 3 3 3 1 3 1 0 0 0 2 2 2 0 0 3 4 0 0 0 2 4 1 4 1 4 3 2 0 3 0 2 2 4 4 2 1 1 0 4 0 0 4 0 0 2 2 4 2 1 4 4 2 4 1 3 2 4 1 1 2 1 0 4 3 4 2 1 2 3 3 3 4 3 0 0 0 0 4 4 
3 4 1 2 1 2 3 3 2 0 1 1 1 3 2 1 0 4 0 2 1 0 2 1 1 2 4 4 3 1 2 0 3 4 1 4 4 3 1 0 4 0 0 1 4 4 3 3 3 0 0 2 4 2 2 2 1 3 4 0 1 4 4 1 4 1 0 3 1 0 2 3 2 0 4 4 1 4 0 4 0 1 3 0 2 1 4 0 1 3 4 4 0 0 0 3 2 3 4 2 1 4 2 2 0 0 0 0 2 1 1 4 3 2 0 3 3 4 1 2 3 2 
1 3 1 0 4 0 3 3 3 3 4 2 1 2 0 2 4 0 4 1 1 0 0 2 1 3 1 3 4 1 3 3 1 2 2 2 2 0 2 1 0 1 1 4 1 2 1 1 3 4 2 3 2 2 0 3 1 1 2 1 1 1 2 2 3 1 3 0 3 1 0 3 3 2 1 4 4 1 4 1 4 1 2 2 0 2 1 1 1 3 1 1 1 3 0 2 0 3 3 0 0 0 3 3 4 3 0 4 2 2 3 4 1 4 3 1 4 3 3 2 3 2 
2 4 2 4 4 1 4 4 4 2 3 3 4 0 1 0 1 0 3 4 1 0 0 2 1 2 0 3 4 4 4 2 0 3 0 2 2 3 4 2 1 0 4 4 1 0 0 0 1 0 3 4 3 2 0 2 4 0 0 4 2 4 0 4 1 2 4 2 1 1 0 1 1 4 1 0 2 1 4 2 4 3 1 2 1 0 3 1 4 0 0 2 0 3 0 4 4 4 4 1 4 4 1 1 3 0 4 2 1 3 2 2 1 0 4 0 3 0 2 4 4 1 
1 0 0 4 0 3 1 4 0 2 0 0 2 4 3 4 2 0 0 3 4 1 2 0 4 1 3 3 2 4 0 2 0 3 3 4 2 3 2 3 4 0 2 2 0 1 1 4 4 4 0 3 3 4 3 1 1 0 2 2 2 4 3 4 3 0 1 1 0 2 1 0 4 2 4 3 0 1 2 0 3 2 1 1 2 2 3 1 1 2 0 0 4 2 4 1 3 3 0 4 3 4 3 1 3 2 2 2 4 1 1 2 2 1 3 1 0 1 1 0 0 3 
2 3 3 4 1 2 0 3 0 4 4 4 1 1 4 0 4 3 1 1 4 0 0 3 1 2 3 3 4 2 1 0 0 0 3 2 1 3 3 0 3 2 4 3 2 3 0 2 4 0 4 1 1 4 1 4 1 1 0 1 3 3 1 4 4 3 0 2 2 0 3 1 3 3 4 4 4 4 2 0 1 3 2 1 0 0 2 2 3 1 3 4 0 0 0 4 1 4 4 2 0 4 3 1 3 3 1 3 4 4 4 4 1 4 2 4 2 2 0 2 3 3 
2 3 0 3 0 4 3 4 4 0 1 3 3 1 3 3 0 0 4 0 3 3 1 3 2 0 1 4 3 2 0 2 0 2 2 0 3 0 3 2 0 4 3 2 3 1 0 0 1 1 1 3 4 0 2 4 2 0 4 2 1 0 0 2 2 2 4 1 1 1 4 4 3 3 2 3 0 2 3 4 0 4 0 4 4 4 4 1 4 4 3 3 2 1 2 2 4 1 0 3 2 2 0 4 1 3 1 3 1 3 1 4 2 1 3 2 3 1 1 3 2 3 
2 2 1 0 4 2 1 0 2 0 0 4 0 2 2 3 1 0 2 3 0 2 2 4 4 1 4 1 2 3 0 2 0 0 4 3 0 2 3 1 1 3 2 1 4 4 4 0 2 3 3 4 3 0 2 1 4 1 2 2 3 2 2 2 4 1 4 0 2 0 1 3 1 3 4 3 3 0 0 0 2 0 1 4 2 3 3 1 4 0 3 2 3 0 4 2 0 2 3 0 4 1 4 4 1 2 4 0 1 1 3 2 1 0 3 1 4 0 2 1 4 2 
3 3 4 0 3 3 4 4 3 2 4 0 4 0 2 0 0 0 3 4 4 3 2 1 2 4 3 0 0 1 1 3 3 4 0 3 2 2 2 0 4 0 2 3 0 3 1 0 1 2 4 4 3 4 0 3 0 2 4 0 3 3 1 3 4 4 0 4 0 3 4 3 3 1 3 3 2 3 2 3 3 0 1 3 4 4 1 4 1 3 4 1 2 3 3 2 4 1 1 0 1 0 4 0 0 1 4 3 2 3 1 2 0 3 3 4 0 1 0 0 3 0 
4 0 4 0 3 2 4 3 0 2 3 1 1 1 3 4 4 3 2 0 3 0 4 4 2 3 3 4 0 4 0 2 3 2 4 1 3 3 1 4 2 0 0 2 1 0 4 0 3 0 1 3 2 0 3 2 3 1 1 0 0 0 4 4 2 4 3 1 1 4 2 0 1 3 2 2 3 0 4 3 2 1 0 0 4 2 1 0 4 3 1 3 3 4 1 2 3 3 0 0 1 3 1 4 1 3 0 0 0 1 3 2 4 4 2 1 2 0 1 4 4 3 
0 0 0 0 3 0 2 4 4 1 3 1 2 1 1 3 0 0 4 1 2 4 3 1 4 1 3 3 1 4 2 1 1 4 0 2 2 4 0 1 3 1 2 0 3 3 0 3 1 1 4 4 1 2 2 4 0 0 3 3 4 3 2 0 0 0 1 1 2 4 2 2 2 0 2 4 4 4 0 0 1 4 3 4 3 3 3 0 2 2 4 2 4 3 2 0 3 0 2 1 0 1 2 3 0 3 0 2 3 1 4 1 1 2 0 3 3 3 1 2 2 0 
2 2 1 1 2 0 3 4 3 3 2 0 2 4 3 4 3 3 2 1 3 1 2 2 4 0 2 2 4 4 2 4 3 1 3 4 0 4 1 2 2 3 2 2 4 3 3 4 4 3 3 2 0 0 0 0 2 0 4 2 0 2 1 3 2 3 1 3 4 3 3 3 1 0 1 4 4 0 4 4 4 3 4 2 4 3 4 2 3 3 1 0 1 4 4 4 3 3 1 4 0 3 0 2 4 2 2 2 4 0 3 1 3 0 0 0 1 2 0 3 1 0 
0 2 0 2 3 4 1 1 0 2 0 1 4 2 1 3 3 4 3 0 2 0 3 4 4 4 3 0 4 3 2 0 4 4 1 4 2 1 1 4 4 2 4 3 0 0 1 4 2 4 0 0 2 3 0 2 3 0 4 1 4 4 2 3 2 0 4 4 4 3 0 2 3 0 0 0 1 2 1 2 3 1 1 0 4 2 3 4 3 1 1 1 1 4 0 1 0 4 4 3 3 2 0 1 0 1 2 1 0 2 4 3 4 3 0 0 1 0 3 3 1 2 
1 4 4 2 1 1 1 1 1 2 2 3 4 0 2 4 4 2 2 0 4 3 4 1 2 2 3 2 2 1 1 0 1 4 3 4 0 2 4 1 3 0 1 2 0 3 0 4 1 2 2 2 1 1 0 2 0 1 3 4 1 2 3 0 2 2 3 2 0 4 1 3 2 2 2 3 3 0 3 4 1 3 2 1 3 1 4 0 2 4 0 3 1 0 3 2 1 0 3 2 1 4 4 0 3 3 2 0 3 2 4 3 0 0 2 2 1 4 2 1 3 0 
1 2 3 1 4 2 0 1 4 2 1 4 2 1 3 0 3 3 0 3 1 2 4 3 3 4 1 4 4 4 4 2 1 4 0 3 0 0 0 2 0 0 1 2 3 1 4 3 4 4 3 0 2 2 1 2 1 1 0 0 1 0 2 3 4 0 2 0 1 4 3 3 3 0 4 0 3 2 0 3 0 3 1 1 0 3 2 4 4 1 3 4 3 2 3 0 2 3 2 4 2 4 1 0 2 3 1 0 3 2 2 1 4 3 2 2 2 1 2 4 4 0 
0 0 2 3 1 4 1 3 4 2 0 0 3 4 3 4 0 4 0 3 0 2 3 1 1 1 3 4 4 0 0 0 4 0 1 1 1 1 2 1 3 2 2 3 1 4 3 0 2 1 3 1 0 2 2 1 1 0 1 1 3 1 1 0 3 1 1 0 4 0 0 1 4 2 1 0 1 1 4 3 0 3 1 2 1 4 3 3 1 3 4 0 4 3 2 1 3 2 0 2 0 4 3 4 4 2 0 1 0 1 2 3 4 3 2 4 4 1 3 1 2 2 
2 0 3 3 2 3 0 2 1 1 0 4 4 3 1 3 1 4 2 4 0 3 0 0 2 2 2 3 4 3 2 0 3 3 0 4 1 0 2 0 4 1 1 3 2 3 2 4 1 2 0 2 2 4 3 4 3 2 1 3 1 4 0 4 1 3 1 1 0 2 1 4 0 1 2 2 4 1 4 4 1 4 2 0 1 3 0 1 3 2 2 3 0 0 1 2 1 1 4 0 1 1 4 3 4 1 3 0 3 1 1 0 1 3 2 0 1 3 3 2 1 3 
3 1 2 3 0 3 4 1 3 3 2 0 3 2 2 4 0 0 2 2 3 4 4 0 0 2 2 1 0 2 1 0 4 0 4 0 1 0 3 0 0 3 0 1 4 4 3 1 2 1 2 2 3 1 0 2 4 4 0 4 4 1 1 1 3 4 1 2 1 1 2 3 2 0 3 1 3 0 1 2 0 2 3 2 0 3 1 3 1 4 2 2 3 0 1 1 4 2 0 2 3 4 2 1 3 3 0 4 4 4 1 2 4 0 4 3 1 1 4 1 4 4 
4 2 1 4 4 2 3 1 2 4 4 1 2 4 1 1 4 3 4 0 4 0 4 1 3 0 2 1 1 1 2 0 0 3 2 3 0 3 3 1 1 1 0 4 0 1 2 3 4 0 2 2 4 3 1 1 1 0 1 4 1 2 0 2 4 4 4 4 2 3 1 2 4 0 2 4 2 3 2 0 4 0 2 1 4 1 3 2 0 3 0 3 3 3 0 0 0 3 2 0 1 4 4 0 3 0 0 3 4 3 2 4 4 4 3 1 4 3 2 1 1 4 
0 2 1 1 2 3 4 0 3 1 2 4 4 1 0 1 4 1 0 4 0 3 1 4 0 3 3 2 4 1 2 1 1 3 3 4 1 4 3 4 2 3 1 1 1 1 2 1 1 3 1 2 4 4 4 3 1 0 4 1 0 2 0 0 0 2 0 0 0 4 1 1 1 4 1 2 3 0 2 1 4 1 0 2 4 2 0 4 3 1 3 3 0 3 0 3 2 1 1 0 4 1 1 3 3 2 4 4 1 0 4 1 1 2 4 4 1 0 1 1 4 2 
1 1 4 1 0 1 0 3 1 4 3 1 2 1 0 3 4 1 4 2 0 4 1 2 1 1 1 1 2 2 3 4 2 3 1 0 1 4 0 1 3 3 4 1 2 0 1 2 2 1 0 3 0 2 4 4 1 3 4 3 2 1 1 0 1 1 2 3 4 4 0 4 1 1 2 0 3 2 0 2 3 1 4 1 3 1 4 3 3 2 1 0 2 3 4 2 1 0 3 4 4 0 3 3 4 1 3 0 4 3 2 0 2 3 0 0 1 3 1 1 0 1 
4 1 0 0 3 3 0 2 3 3 2 2 4 0 0 4 2 4 0 3 2 0 3 3 0 4 1 0 3 2 4 0 2 1 4 0 0 0 3 2 2 1 1 0 4 3 1 2 0 0 2 2 0 1 4 3 1 3 4 2 3 2 3 1 0 1 0 3 2 4 3 0 2 4 2 0 1 0 3 2 1 2 4 2 3 3 1 1 4 2 4 2 4 1 2 3 0 0 2 4 0 4 0 4 0 3 3 3 3 1 1 3 1 2 0 2 1 1 2 4 4 3 
2 0 0 4 1 1 1 4 2 3 4 4 2 4 0 4 2 1 1 0 1 0 2 1 0 4 1 1 1 3 1 2 0 3 1 3 0 1 1 2 3 0 3 3 2 3 0 4 0 0 2 0 1 0 2 0 2 2 3 2 4 2 2 3 4 0 2 4 1 4 3 1 3 4 1 2 0 2 3 1 0 3 4 2 2 4 1 0 0 3 3 4 3 4 3 0 0 3 2 0 0 0 3 1 2 4 3 0 1 3 4 3 1 3 2 4 0 4 0 2 1 2 
4 3 2 0 0 1 4 1 3 1 1 4 0 1 2 2 0 4 2 2 3 3 0 4 1 4 1 1 4 1 4 1 0 1 0 0 0 1 3 0 2 2 1 3 3 0 4 0 2 3 1 4 2 0 1 3 4 0 2 3 4 0 1 3 0 3 2 2 3 1 2 4 0 2 1 1 0 1 1 1 1 3 3 0 0 0 2 4 2 3 3 3 2 3 1 3 0 4 4 1 1 3 4 3 3 0 1 3 2 0 4 2 2 0 3 2 4 0 1 0 4 4 
0 3 1 1 3 1 1 0 3 3 4 1 2 2 1 2 1 1 4 0 4 3 0 0 2 3 3 3 1 1 2 2 0 2 0 2 0 4 4 2 4 0 2 2 3 4 1 4 3 1 3 1 3 4 4 1 0 1 1 4 2 3 0 4 3 1 4 2 4 4 4 2 3 1 2 4 3 2 0 4 4 2 1 0 4 1 3 0 4 2 0 0 3 1 0 0 2 4 4 3 4 3 2 1 1 1 1 3 0 4 3 3 1 3 1 2 0 2 3 3 0 1 
0 2 4 3 1 1 4 2 4 0 3 4 0 1 4 2 2 3 3 0 1 4 0 2 0 3 1 0 2 0 0 3 2 0 1 3 4 3 3 4 0 2 0 1 4 4 4 3 0 2 2 1 1 4 0 0 0 0 2 0 4 3 0 2 0 0 2 0 3 2 0 0 1 2 4 2 3 1 2 0 1 0 1 4 2 3 1 1 3 1 1 3 0 1 1 1 4 0 1 4 1 4 2 2 3 2 2 0 4 3 3 2 2 1 4 3 1 3 3 0 4 2 
3 2 0 0 0 0 0 0 1 4 1 1 2 3 3 2 1 2 2 2 4 0 0 2 1 2 0 2 0 1 0 1 3 4 1 2 0 3 1 4 4 4 3 3 3 3 3 3 2 2 0 0 3 2 0 3 0 4 2 2 4 3 2 3 4 0 3 1 2 2 1 3 0 0 4 3 0 1 1 2 4 3 4 4 4 1 1 3 4 2 3 1 0 1 4 0 1 2 3 0 1 4 1 2 1 0 3 0 4 0 2 4 3 0 2 2 4 1 3 0 1 4 
2 1 2 3 1 2 1 0 3 0 3 0 1 1 0 4 1 1 1 4 0 1 0 3 0 0 4 2 0 0 4 3 0 4 3 1 1 1 1 1 4 3 0 1 2 3 0 0 3 3 2 3 0 3 4 0 4 3 4 2 1 4 4 0 1 1 2 0 0 4 3 3 3 2 0 1 4 3 3 3 0 1 4 2 3 1 0 3 0 2 4 0 2 1 1 2 0 3 3 0 4 2 1 0 2 1 4 4 2 0 2 4 4 1 0 2 2 4 2 2 1 1 
1 4 4 1 2 3 4 3 0 2 1 3 4 2 4 4 4 1 2 4 3 3 4 2 1 1 3 4 2 2 1 0 2 3 1 0 0 2 1 1 1 2 3 1 4 4 0 3 3 3 0 4 4 0 1 2 0 0 3 3 4 1 3 4 2 2 0 4 0 4 2 3 3 0 2 1 2 2 1 2 4 4 1 3 2 0 2 2 0 4 3 1 2 2 1 1 4 1 4 3 3 1 2 4 4 0 1 3 1 4 0 2 0 2 3 2 3 3 0 3 3 0 
3 3 1 1 4 1 2 0 4 1 2 2 4 0 1 3 2 4 3 0 4 4 4 3 1 2 1 0 0 2 0 0 1 4 4 2 4 4 3 0 1 4 3 4 0 2 2 0 2 4 3 1 3 3 3 3 0 1 4 1 4 4 3 2 4 3 0 3 3 4 0 4 0 1 1 2 0 4 0 2 0 2 2 0 4 0 4 2 0 1 2 2 4 3 3 3 3 3 3 3 3 2 0 2 1 2 2 1 1 2 1 4 4 0 2 3 2 0 2 2 3 3 
2 2 4 0 2 4 1 3 1 2 3 3 1 2 0 1 0 2 4 0 0 3 4 1 3 4 3 0 2 4 0 3 4 1 0 4 2 3 4 4 1 4 0 4 4 1 0 3 2 2 2 4 0 3 1 4 0 4 3 4 0 4 4 3 0 0 0 4 3 3 1 1 0 4 1 2 1 1 1 2 3 1 1 2 0 0 1 0 0 1 2 4 3 4 2 1 0 2 4 3 3 4 4 3 3 2 2 0 4 3 1 4 3 3 3 3 0 2 0 4 1 3 
0 1 1 3 2 4 2 4 0 3 4 1 0 2 4 1 1 0 1 2 2 2 2 1 1 3 4 4 1 2 2 2 1 3 4 4 0 3 4 4 2 2 1 1 4 2 3 4 4 0 0 3 0 4 0 2 2 1 0 3 1 4 1 2 1 2 4 2 1 2 1 0 4 2 3 3 4 1 3 2 3 0 0 0 2 2 1 1 1 4 0 2 2 4 0 2 1 0 0 1 0 0 4 1 1 2 3 4 2 1 2 2 1 1 1 4 4 2 0 4 0 3 
0 0 1 4 4 0 1 0 0 3 3 0 3 2 0 3 4 1 2 2 1 4 3 2 2 4 2 0 1 3 0 1 0 4 1 0 2 4 0 3 3 4 3 0 3 1 1 0 4 2 4 0 3 3 4 1 0 1 4 2 0 4 2 1 1 0 0 1 1 1 3 3 3 4 0 2 2 3 3 1 2 1 3 2 3 3 0 1 4 4 1 2 2 1 4 2 0 3 4 3 2 3 1 1 0 0 2 1 3 2 0 1 3 1 2 4 2 3 4 2 1 1 
4 3 3 4 4 2 3 4 3 4 4 2 2 2 4 4 3 1 2 4 4 1 3 4 1 1 0 0 2 0 1 0 1 2 0 0 0 0 1 3 2 2 2 3 1 4 2 1 4 1 1 2 2 1 2 4 4 1 2 4 4 1 0 4 1 1 3 3 0 4 4 0 1 4 1 3 2 2 0 3 3 3 0 0 2 4 1 1 4 4 3 3 2 0 0 2 1 2 1 4 4 2 1 0 0 1 3 2 2 1 4 1 4 1 2 2 3 0 3 1 1 2 
2 3 0 4 0 2 4 4 0 1 1 2 4 3 3 1 3 4 1 3 3 1 3 4 3 0 0 1 3 1 3 4 2 2 3 0 3 2 1 3 3 2 1 2 2 3 1 1 1 0 0 4 2 2 2 2 3 3 3 1 3 1 4 2 2 4 1 0 1 2 0 1 0 2 0 0 1 4 2 4 0 0 1 4 3 3 3 1 4 1 1 0 3 4 0 1 2 3 2 3 0 2 4 3 3 1 4 3 2 3 0 2 3 1 4 1 1 0 0 1 2 1 
0 3 0 4 3 2 1 4 1 3 0 4 4 4 3 1 0 0 3 1 4 0 0 1 0 3 2 4 3 3 2 2 4 2 1 3 4 2 4 1 3 0 4 0 0 3 3 4 1 3 1 1 0 2 4 1 0 3 0 3 3 3 4 0 0 0 4 0 1 2 3 3 2 2 4 3 3 1 1 0 3 4 2 0 3 4 2 2 0 1 1 4 4 2 3 1 3 0 0 4 3 1 1 4 3 2 4 4 4 3 2 0 2 2 3 4 3 0 1 0 0 2 
4 4 3 3 1 0 0 4 2 1 1 3 0 0 4 1 1 1 3 1 4 0 0 3 4 3 0 2 1 4 1 3 4 0 2 4 4 2 4 3 3 4 0 2 4 2 3 2 0 2 0 4 2 2 4 0 3 4 3 0 2 2 0 3 0 3 3 0 3 2 0 4 1 3 4 3 4 2 0 2 0 2 1 3 0 4 2 2 1 3 3 1 2 4 4 4 1 0 0 4 1 3 0 0 2 0 1 3 1 0 1 0 0 3 4 2 4 3 4 3 2 2 
1 4 2 3 4 3 4 4 1 3 2 0 0 4 4 4 2 1 3 2 2 0 1 3 3 3 3 1 2 3 4 1 1 3 2 3 3 2 2 4 3 3 1 1 2 2 4 3 1 2 0 0 0 0 1 1 1 1 4 0 0 0 4 2 1 2 2 2 1 2 3 2 0 4 2 4 0 1 2 4 3 2 1 0 0 1 2 0 4 1 2 2 0 4 1 2 2 2 2 3 4 0 4 0 1 0 4 4 3 2 4 4 1 3 0 4 2 3 3 3 4 3 
1 4 1 4 1 0 4 1 4 2 4 2 3 3 3 2 0 0 4 0 4 1 4 3 2 4 3 0 3 4 2 0 0 2 0 0 0 1 3 3 2 0 2 0 0 1 3 1 0 4 2 1 1 3 3 2 4 1 1 3 4 0 0 3 3 1 2 3 2 1 1 4 1 1 4 0 3 0 3 4 1 4 2 3 0 3 2 2 2 4 2 1 1 3 1 2 3 3 1 3 0 4 4 1 0 2 1 2 2 3 0 4 2 0 0 1 4 4 3 3 0 1 
0 1 4 0 2 2 2 2 4 1 4 0 1 3 3 1 3 4 4 2 3 4 0 3 2 3 0 3 4 4 0 3 4 0 1 2 0 4 0 3 2 2 3 4 4 0 3 2 0 3 2 1 1 2 3 0 1 2 3 2 3 3 4 0 1 4 2 1 1 3 3 2 4 3 2 3 1 2 2 2 1 1 0 2 2 0 0 0 1 2 0 2 2 1 3 3 1 0 4 3 2 1 1 4 0 0 3 1 1 2 3 2 4 4 4 0 4 2 1 3 1 4 
0 0 2 1 2 3 4 4 0 0 0 4 2 1 3 0 1 2 3 1 3 0 0 1 2 4 2 0 3 0 0 1 1 0 4 3 2 1 1 0 1 2 2 1 1 3 1 2 2 3 2 0 4 1 2 1 4 4 4 3 3 3 4 1 4 1 1 1 3 4 2 4 2 0 0 3 3 4 2 4 0 4 1 3 4 0 4 3 4 4 2 1 2 1 0 0 4 2 3 0 3 1 2 2 1 3 0 0 2 0 1 2 0 2 0 0 4 1 1 1 3 1 
3 0 1 1 0 4 1 0 4 3 1 1 2 4 1 4 1 0 0 3 0 3 4 1 1 2 2 1 0 0 4 1 3 0 4 2 3 1 1 4 3 3 2 4 0 4 1 4 2 0 1 4 3 1 4 1 3 3 1 0 3 2 3 4 4 2 1 4 4 3 3 0 3 1 4 3 0 4 0 4 1 4 2 3 0 3 2 4 4 4 3 4 0 4 3 2 0 0 3 4 4 3 2 0 3 3 0 4 2 2 2 2 0 0 1 0 4 3 1 1 2 0 
3 4 1 4 2 2 3 0 3 0 4 1 3 0 4 3 2 4 4 3 1 4 2 3 2 2 0 1 2 2 2 4 0 4 0 4 0 1 3 3 0 3 3 3 1 1 0 3 4 1 1 3 2 0 0 2 2 4 2 2 4 3 4 2 1 4 2 2 2 1 4 1 0 2 0 0 1 2 1 0 0 0 1 3 4 4 3 1 1 1 2 4 1 0 2 2 3 4 2 2 1 0 0 2 3 0 1 3 3 0 1 2 1 2 0 1 3 1 0 0 3 1 
1 0 3 0 4 3 3 1 0 2 0 0 3 0 0 1 1 4 4 4 2 3 0 1 1 1 0 3 0 2 0 4 0 1 1 1 3 2 2 2 2 0 1 1 0 2 2 0 4 0 4 4 4 4 0 3 3 0 0 4 3 0 0 1 4 2 2 3 1 1 1 3 2 1 4 4 0 4 1 0 3 3 2 3 1 1 1 1 4 4 4 0 3 3 3 1 4 2 2 0 1 2 1 4 0 2 3 1 4 4 1 2 0 0 0 2 2 3 3 0 4 4 
0 3 0 3 1 3 3 3 3 4 3 1 2 0 4 4 0 4 0 3 3 3 4 0 1 1 1 2 1 3 4 3 0 2 4 1 3 3 1 3 0 1 3 0 4 4 3 2 1 4 2 2 0 0 3 0 0 4 0 1 3 0 1 2 4 3 1 2 4 3 1 2 3 1 0 4 1 0 4 3 4 0 4 3 0 0 3 3 4 3 0 4 3 2 2 0 3 2 2 4 3 1 1 3 2 3 2 0 4 4 0 3 4 1 3 0 4 0 4 1 1 4 
4 0 1 3 4 2 0 1 3 1 0 1 3 0 4 3 3 4 1 0 1 1 0 4 1 0 1 0 4 1 4 2 0 4 0 1 4 3 3 3 2 4 4 0 1 1 2 4 1 1 4 0 1 2 1 0 1 0 3 3 0 0 3 2 4 0 0 4 4 2 2 2 2 1 1 2 4 1 3 2 1 4 3 3 2 2 2 1 2 0 0 4 4 3 1 1 3 3 3 3 4 1 2 1 1 1 3 0 1 0 0 1 2 4 1 2 4 3 4 1 2 1 
4 3 2 3 2 1 2 4 4 2 3 1 0 2 0 4 1 2 2 2 2 0 4 2 0 4 2 2 0 2 3 0 0 4 1 2 4 1 0 4 3 2 1 2 0 4 2 4 0 2 3 4 0 3 2 1 3 3 3 4 4 1 3 0 2 3 0 4 2 4 0 1 3 3 2 3 4 4 0 1 3 3 0 3 3 3 3 4 4 2 0 3 4 3 1 1 1 1 3 0 0 3 4 2 2 4 4 1 2 4 3 0 4 2 3 4 1 2 1 0 4 0 
1 0 4 2 4 0 4 3 3 3 0 0 3 3 4 0 0 1 1 4 1 2 1 2 0 2 3 1 2 2 3 4 2 2 3 2 2 2 2 3 4 0 3 3 2 4 1 2 4 3 0 3 1 0 4 1 4 0 1 4 0 4 0 1 3 3 1 0 3 3 4 1 3 2 2 2 1 0 3 4 4 2 2 1 0 1 4 4 2 4 1 1 4 3 2 3 2 4 4 0 2 0 0 2 1 0 4 0 1 2 2 4 3 1 4 1 3 1 4 2 0 2 
3 4 0 4 4 1 0 1 2 2 2 4 3 0 0 0 4 1 1 4 4 2 1 0 2 0 0 0 0 2 4 2 1 3 3 3 3 2 1 0 2 1 1 1 2 2 0 2 4 4 3 3 0 3 1 3 2 3 1 1 0 2 3 0 2 0 2 3 1 0 1 3 0 3 2 3 3 1 1 3 3 2 4 2 3 2 3 2 3 1 4 3 0 3 3 2 0 1 4 2 3 3 4 1 4 0 0 2 1 0 3 1 4 4 0 4 0 1 2 1 2 0 
0 3 1 0 2 1 1 4 2 1 1 0 3 3 0 3 4 3 2 0 0 3 3 4 4 0 4 3 0 1 4 0 1 1 3 3 0 2 0 3 2 4 3 2 3 1 2 2 0 1 0 3 0 4 1 2 3 4 1 3 3 4 4 2 3 3 0 3 1 0 4 2 0 2 4 3 1 2 4 2 4 1 0 4 2 4 3 4 1 2 4 2 2 2 4 4 0 0 4 3 4 4 3 3 0 4 3 1 3 3 4 0 0 2 2 4 3 2 0 4 4 2 
2 2 2 0 3 0 2 1 3 4 2 2 1 0 0 0 0 1 2 2 4 2 0 4 3 0 4 1 1 0 4 2 4 2 3 4 2 0 1 0 0 3 1 4 2 4 3 1 2 4 1 2 2 2 1 2 4 2 4 0 1 4 0 2 1 4 2 1 4 1 3 1 4 2 3 2 2 2 1 2 0 4 1 3 2 2 1 4 4 1 4 2 3 0 4 0 0 2 3 0 3 1 4 3 1 1 2 0 0 3 4 2 3 1 1 2 3 3 4 4 3 4 
2 4 4 0 3 3 1 2 1 0 0 2 2 0 3 4 4 1 0 4 1 0 3 1 0 4 1 0 2 4 2 1 3 0 1 2 2 2 3 1 3 3 2 1 4 4 0 1 0 3 3 3 0 3 1 3 2 0 1 1 3 4 2 0 0 2 1 0 3 0 1 1 3 3 3 3 2 2 2 2 0 4 1 2 4 0 2 3 4 4 1 3 3 2 4 0 3 2 0 0 3 2 0 4 2 4 3 2 3 4 1 2 4 2 4 3 3 2 2 1 2 3 
3 3 1 1 4 2 2 2 4 0 1 0 3 0 1 4 0 3 4 4 3 1 4 3 0 3 1 0 0 2 4 0 1 3 1 1 4 1 1 0 3 1 2 3 2 1 3 0 1 0 2 0 4 2 0 4 4 4 1 3 2 3 3 3 4 2 3 3 4 3 0 0 3 0 4 1 4 2 4 3 0 3 4 4 4 1 3 0 0 3 2 1 2 3 0 1 0 3 1 2 3 0 3 2 2 1 0 2 2 4 0 2 2 4 1 3 2 4 4 1 2 3 
3 1 1 2 4 2 1 0 0 3 0 2 2 3 1 2 3 2 3 0 2 2 1 0 3 1 3 0 0 2 1 3 3 0 1 1 2 4 4 0 0 1 3 2 1 4 0 1 4 1 0 1 3 1 4 0 4 0 0 2 0 3 4 1 4 2 2 2 4 4 0 4 1 0 1 4 4 0 3 4 1 3 0 1 3 3 1 3 4 1 0 1 4 4 4 2 1 2 2 0 3 1 1 4 2 4 0 0 0 2 4 0 1 1 1 0 3 3 4 0 2 0 
0 4 4 1 4 0 4 1 3 3 3 3 0 1 2 0 3 0 4 2 4 3 4 0 1 4 2 2 1 1 2 2 3 3 2 0 3 4 0 4 3 2 4 1 3 3 4 4 1 2 1 2 0 3 3 4 4 2 3 0 4 4 1 2 3 1 0 3 4 1 2 2 1 0 0 4 2 4 3 0 0 1 3 0 1 1 4 1 2 2 2 4 2 2 2 3 2 4 1 1 3 0 0 1 2 1 4 0 0 0 3 3 4 1 2 0 0 2 0 4 4 4 
4 2 2 4 0 0 0 2 1 1 3 2 3 2 4 4 0 4 4 0 1 0 1 3 1 1 1 4 3 4 1 0 1 0 0 4 2 0 1 3 0 1 3 0 0 1 4 0 3 3 0 2 2 4 4 4 3 4 4 3 3 4 1 0 1 1 4 3 4 3 0 3 4 3 1 0 1 1 0 4 1 1 2 3 1 4 1 2 4 1 0 2 0 3 3 1 3 4 3 2 1 4 1 2 4 4 2 2 0 2 2 2 1 4 4 1 4 3 0 3 2 0 
0 3 3 2 4 0 4 0 1 4 2 1 0 2 1 3 0 0 3 0 4 2 1 2 3 1 1 3 4 0 4 2 4 1 1 3 0 0 0 0 2 1 3 3 0 3 3 4 0 0 4 4 2 0 3 1 1 2 1 1 1 2 1 3 4 4 2 2 3 2 2 3 4 2 4 1 4 1 0 1 2 1 2 3 3 1 4 2 0 0 3 4 3 3 3 4 2 0 2 0 4 4 4 0 4 4 4 1 3 3 1 2 0 1 4 4 2 2 3 1 0 2 
2 1 1 2 1 3 2 3 4 3 1 1 1 4 1 2 3 3 1 1 3 3 3 3 3 3 3 0 4 0 3 1 0 4 4 0 1 0 0 3 0 1 3 0 1 1 4 0 1 1 3 4 1 3 2 3 2 1 1 2 3 0 0 1 3 1 0 0 2 2 4 2 4 0 1 0 3 3 4 1 3 0 0 2 1 2 3 3 1 1 0 0 1 2 3 0 2 4 3 4 2 3 2 1 0 2 3 1 1 4 0 2 0 1 2 0 1 1 1 2 4 4 
3 0 0 2 4 0 1 3 4 3 2 1 4 0 3 4 0 3 2 1 0 3 0 3 3 1 1 1 1 4 2 3 2 0 2 1 0 1 3 1 3 1 0 4 3 0 4 2 1 2 4 1 2 4 2 1 2 3 0 4 3 3 4 2 1 1 3 0 2 4 1 0 3 1 4 1 4 0 2 1 3 3 2 2 1 4 1 4 0 3 2 1 4 3 2 2 0 1 0 1 3 0 2 2 0 0 4 4 2 2 1 4 3 4 4 3 2 4 4 0 0 2 
4 4 3 1 3 4 3 1 2 1 1 0 0 1 0 2 1 2 0 2 3 4 4 1 0 1 0 3 3 2 0 4 2 0 4 4 3 2 4 0 0 1 3 3 3 1 1 1 3 2 2 0 4 4 0 4 3 4 0 4 2 2 0 3 0 4 3 0 3 4 3 3 3 1 4 4 3 0 0 2 0 2 1 2 2 1 3 0 1 4 4 2 0 0 2 3 3 3 3 1 1 4 1 2 1 0 0 3 1 3 0 0 1 4 3 1 3 2 2 3 2 2 
3 4 1 1 2 4 4 4 2 4 0 0 0 0 0 0 3 4 4 0 1 3 0 2 0 1 4 3 1 1 2 3 0 2 0 4 2 1 2 3 4 4 2 1 0 4 4 0 4 0 3 2 3 0 0 3 3 0 4 3 0 3 1 3 2 0 0 3 4 2 1 0 1 1 4 1 2 2 3 0 2 1 1 3 4 1 2 4 0 1 1 1 4 0 1 0 1 0 2 4 1 4 3 3 0 1 1 4 2 3 4 3 4 3 0 3 2 1 2 2 3 2 
3 4 2 1 0 3 1 0 1 1 0 1 4 4 2 0 4 3 2 0 4 3 3 1 0 0 1 1 2 2 4 0 2 1 1 0 3 2 2 1 0 4 2 4 0 1 0 3 3 2 1 2 4 3 4 1 0 4 3 0 1 3 2 3 1 4 3 1 0 0 0 0 1 1 4 0 4 4 4 1 3 0 2 4 1 1 1 3 0 2 4 0 3 0 0 2 1 0 4 3 1 4 3 2 2 0 0 0 0 3 4 0 0 3 0 1 0 1 0 1 1 0 
2 0 4 2 2 1 3 3 3 3 3 3 2 2 0 4 0 3 1 3 2 2 2 2 4 2 2 2 3 0 4 3 0 4 4 0 0 0 2 3 1 0 0 2 2 1 4 1 0 2 2 4 0 3 0 2 2 2 2 3 3 3 4 2 0 4 1 3 4 4 3 0 1 2 2 4 3 1 4 4 2 4 0 3 1 3 2 3 0 3 1 2 2 2 2 4 4 3 4 2 0 0 1 2 1 1 4 3 2 3 0 3 2 4 3 4 3 4 2 4 3 0 
0 2 4 0 2 4 3 4 3 4 2 2 4 0 2 0 4 4 3 1 3 0 0 2 3 0 3 4 3 3 1 0 4 0 1 1 1 3 3 0 1 2 4 3 1 3 0 0 2 3 0 2 4 3 0 0 4 4 3 4 1 0 4 4 0 2 2 2 1 2 3 2 4 3 2 0 3 0 0 4 1 1 0 2 1 1 0 3 3 4 4 1 2 4 1 1 0 1 4 1 2 0 0 3 4 3 2 4 3 1 4 4 2 4 4 1 0 1 2 4 2 3 
1 4 4 3 1 3 2 4 0 3 2 1 0 2 1 0 4 0 0 1 2 4 2 0 4 0 3 3 2 4 0 2 0 1 0 3 4 4 3 2 2 1 0 4 3 2 0 2 4 1 2 2 0 3 3 0 0 4 1 4 0 2 4 1 0 4 4 3 0 1 3 3 0 4 3 1 4 0 2 4 4 3 4 0 1 4 3 2 3 4 2 2 0 4 1 0 3 2 1 0 2 2 3 4 3 1 2 1 4 4 0 1 2 1 3 3 2 2 0 2 3 0 
1 2 3 0 2 3 2 3 3 0 1 0 0 3 0 1 3 3 1 3 4 2 1 4 3 3 3 1 3 3 2 3 1 4 0 3 3 3 3 4 0 1 0 4 4 4 0 3 0 1 3 3 4 3 2 3 4 4 3 4 3 2 2 4 4 0 2 0 2 4 4 3 0 2 1 0 0 1 4 2 3 3 4 2 2 3 0 0 4 4 2 4 4 1 4 3 1 2 1 4 0 1 0 1 2 4 2 2 1 2 3 1 4 4 0 0 2 2 3 2 4 4 
0 0 0 3 1 1 4 4 3 4 2 0 1 3 0 3 4 4 2 2 1 0 3 3 2 1 1 4 4 1 0 0 3 3 3 4 3 3 4 1 3 4 0 3 4 2 1 4 2 3 2 2 4 4 4 2 2 3 3 0 4 1 3 4 2 2 4 0 0 0 1 3 4 2 2 4 4 0 3 0 4 0 2 0 4 1 3 0 4 3 3 0 0 2 0 2 0 1 2 2 3 2 1 3 0 1 3 4 0 0 0 1 3 2 2 1 2 4 3 3 1 2 
0 4 3 0 1 1 4 3 3 3 1 0 2 0 2 1 1 0 4 0 0 1 0 3 4 4 1 4 4 4 1 3 2 0 2 0 4 2 2 4 2 3 2 2 0 3 0 4 3 3 2 2 3 3 2 3 2 1 1 0 4 0 0 1 0 2 2 1 2 1 4 0 4 3 0 1 1 0 0 1 2 4 4 0 2 4 4 3 0 0 0 0 3 4 4 4 4 2 2 2 2 4 1 3 4 2 1 4 2 2 1 1 1 4 3 3 4 3 1 1 0 2 
1 3 3 0 2 4 4 2 2 1 0 0 1 0 1 2 3 3 4 0 4 4 3 4 3 3 4 0 4 0 3 2 2 2 4 1 2 1 2 1 4 0 2 0 3 4 3 2 1 4 2 0 0 4 3 4 4 1 4 4 1 4 4 4 0 1 3 1 4 0 4 2 4 1 3 2 4 2 0 3 1 0 1 1 2 0 2 2 3 3 3 3 1 0 1 4 3 3 1 4 2 2 2 2 3 2 2 3 3 2 4 2 1 2 0 4 4 2 3 1 1 2 
1 0 1 0 0 3 1 0 0 3 4 1 3 0 4 3 2 4 0 1 4 1 4 4 1 1 2 0 2 4 4 0 2 1 0 3 0 2 2 1 3 0 3 1 4 4 2 3 2 0 0 2 4 4 0 0 4 0 4 0 4 2 2 1 0 3 4 4 2 2 3 3 1 4 1 2 4 3 0 2 3 4 0 2 4 4 2 3 2 0 1 2 4 3 4 1 1 1 0 0 2 3 0 3 3 2 4 2 2 4 0 3 0 4 4 2 1 2 2 3 0 0 
4 0 0 1 4 0 0 0 3 1 0 0 2 1 0 2 1 0 2 3 2 0 3 3 1 1 3 2 4 2 1 3 1 4 1 1 1 3 2 3 2 2 2 0 3 1 0 2 4 1 1 1 2 4 2 3 4 2 3 1 3 1 4 1 3 2 0 3 1 0 2 4 0 4 0 1 3 4 3 4 4 1 4 0 0 3 4 3 3 2 0 3 1 1 4 3 0 1 1 0 0 1 1 3 0 2 3 4 0 0 3 1 0 1 4 4 2 4 3 4 2 1 
3 1 0 4 3 3 1 0 0 4 4 0 0 3 0 3 3 0 1 3 4 2 1 1 3 3 1 1 0 4 1 3 1 0 3 0 3 0 0 4 2 3 1 2 4 0 3 1 4 1 1 0 0 0 1 1 3 2 4 3 0 2 4 0 3 3 4 4 2 4 2 2 2 4 3 4 2 2 2 3 1 1 2 4 1 2 4 3 1 3 4 3 4 2 4 1 4 4 1 0 1 4 2 0 1 4 1 4 1 3 0 1 4 2 2 0 4 4 1 0 1 3 
2 2 0 2 3 3 3 2 1 2 0 2 1 3 0 0 4 4 2 1 3 2 1 4 2 1 1 0 3 0 3 1 4 0 2 3 3 2 4 3 4 0 3 4 2 4 0 4 3 2 4 4 2 0 0 3 0 4 3 1 4 4 0 0 0 1 4 3 0 1 1 4 1 4 2 1 4 3 0 0 2 2 2 4 3 3 4 4 2 0 1 0 1 4 1 3 0 0 1 3 2 2 2 3 3 4 4 0 2 2 2 2 1 3 1 3 4 0 0 0 0 2 
1 0 1 1 1 3 3 3 4 2 2 0 2 1 1 3 3 3 4 1 0 1 4 4 1 2 3 4 2 2 4 3 1 2 3 0 0 2 4 3 4 2 1 2 2 1 4 2 4 1 3 2 4 1 3 4 1 2 1 4 1 3 0 4 3 4 0 2 3 3 4 3 2 3 1 4 4 1 0 1 4 0 0 0 4 2 3 2 4 3 4 3 0 0 4 0 0 4 2 0 1 1 3 4 0 4 0 1 1 2 0 4 3 0 4 3 4 3 0 0 1 4 
4 2 2 4 0 1 3 0 1 3 3 2 1 2 1 0 1 4 4 3 3 2 4 2 3 2 0 1 0 4 4 3 1 4 2 3 2 0 0 4 2 3 3 1 2 4 2 3 1 0 1 1 2 2 0 4 1 0 4 3 4 4 1 3 1 0 2 0 0 0 3 1 3 1 1 2 0 0 2 2 3 2 2 2 2 1 4 1 2 4 4 3 3 4 4 2 0 3 3 3 4 0 4 1 0 3 0 4 3 1 4 4 1 3 1 2 3 2 2 2 1 1 
1 0 1 3 1 3 3 2 4 0 0 1 1 4 4 3 2 0 4 0 2 4 4 3 4 4 1 4 1 0 4 3 1 1 3 0 3 0 0 4 3 2 2 4 0 4 4 1 0 1 0 0 0 1 1 1 1 0 0 0 1 3 0 3 2 4 4 4 2 2 0 3 2 3 2 4 1 1 4 1 3 0 0 0 2 3 1 4 4 2 0 2 2 0 0 4 1 2 2 3 1 2 1 4 3 2 4 2 0 0 4 1 1 0 4 0 3 3 4 4 4 3 
2 1 1 0 4 3 4 2 4 0 1 2 1 1 2 3 2 1 4 1 1 2 0 2 2 4 2 1 3 0 4 1 3 1 1 4 1 3 4 2 3 4 2 2 3 4 1 2 0 3 4 1 3 2 3 0 4 2 1 2 3 4 4 0 2 3 0 4 1 4 2 0 3 1 3 3 4 0 2 2 1 1 4 2 2 1 0 2 0 0 0 2 0 2 2 1 0 4 0 0 1 2 1 0 1 1 4 2 3 0 3 3 3 2 0 4 4 0 2 1 1 4 
0 2 2 1 1 2 2 2 0 3 1 1 2 3 2 1 4 1 3 1 2 2 0 0 3 1 0 0 0 0 2 0 0 1 4 3 2 1 4 4 3 0 2 1 4 4 2 4 4 1 3 4 1 2 1 4 1 0 3 4 2 0 0 3 0 4 4 0 1 2 1 1 2 2 3 1 2 0 3 2 0 1 2 1 2 3 0 0 0 0 4 1 2 2 4 4 1 1 1 3 0 2 3 0 0 1 0 4 2 2 2 4 0 4 1 1 3 1 2 3 2 0 
2 3 2 4 3 3 1 2 2 2 1 0 0 3 4 1 1 4 4 3 3 1 3 1 2 0 2 4 4 2 0 0 2 0 0 2 4 4 1 1 4 0 3 0 1 0 0 2 4 2 2 3 0 1 4 4 3 2 0 0 2 0 1 3 2 1 4 4 0 3 0 2 0 4 3 4 3 3 2 1 3 4 4 0 2 3 3 3 1 4 1 3 1 3 2 1 2 2 3 2 2 3 2 4 1 3 3 2 2 3 2 3 1 2 0 4 1 4 0 2 3 4 
1 0 1 0 3 0 0 3 4 0 0 0 2 0 3 0 4 4 1 0 1 2 4 0 4 1 1 3 1 4 0 4 0 3 3 4 1 2 4 0 2 0 4 3 2 1 4 1 3 4 2 0 2 4 3 0 1 0 4 2 0 0 4 3 1 2 3 4 0 3 0 3 1 3 1 4 4 2 3 3 2 3 1 3 3 4 0 1 1 0 4 4 0 4 0 1 0 3 0 2 1 3 3 2 0 4 4 2 2 0 4 3 2 2 3 1 1 0 3 0 1 0 
0 0 1 4 1 4 4 4 0 4 4 1 0 0 4 1 1 3 2 4 1 3 4 0 2 3 4 3 0 0 2 0 4 0 0 4 1 3 0 3 1 0 0 4 2 0 0 1 0 2 0 0 0 4 1 0 2 4 2 4 2 2 1 4 1 4 1 3 2 3 0 1 0 3 0 4 2 1 2 0 2 1 4 1 3 0 0 1 0 0 4 1 0 2 0 3 2 2 2 3 4 0 1 2 1 4 1 2 0 1 1 1 3 2 4 0 2 3 4 3 1 1 
3 4 3 1 3 2 2 0 3 4 4 0 4 1 2 3 0 0 0 1 4 4 1 4 0 0 2 1 3 1 0 0 0 2 1 0 0 3 4 0 1 1 2 1 2 0 4 4 4 0 2 0 3 4 4 4 1 3 4 2 4 2 3 3 1 2 3 4 2 2 3 3 1 4 1 2 0 3 1 2 4 3 3 4 0 1 2 0 4 0 1 2 0 0 0 3 0 2 3 1 2 4 2 4 0 1 0 3 0 4 1 3 0 0 4 3 4 4 2 3 3 0 
1 3 0 4 4 1 2 3 1 2 4 4 2 4 3 3 3 4 0 4 3 4 3 3 2 1 2 3 0 3 2 4 4 4 0 2 2 1 0 2 0 2 2 4 0 0 1 1 4 0 3 0 0 2 2 4 1 1 0 1 1 1 3 0 4 2 0 0 1 1 0 1 4 2 4 0 1 1 4 4 0 2 0 2 2 2 2 0 2 3 0 0 1 4 4 0 4 2 4 0 3 0 4 2 1 3 0 2 2 2 2 3 2 2 2 2 1 2 2 3 1 4 
4 2 1 2 2 4 2 1 0 1 1 0 0 2 2 0 3 4 3 4 1 4 0 0 2 1 0 2 1 0 0 0 1 1 1 4 4 4 3 3 1 2 1 3 4 2 3 3 0 3 3 0 0 2 3 1 3 4 0 2 3 3 4 4 4 1 3 4 2 3 1 3 4 1 3 3 3 4 3 0 0 2 4 4 1 0 2 0 4 1 2 4 2 4 1 1 4 0 2 1 4 1 0 2 4 0 2 1 0 0 2 0 0 3 0 2 1 1 4 2 4 3 
0 0 3 4 3 1 3 2 1 2 0 1 3 0 2 3 0 1 4 1 1 3 2 3 0 3 2 3 4 0 3 4 2 2 2 2 0 2 4 3 1 1 1 1 0 0 3 2 3 1 0 4 2 4 2 4 1 4 3 0 1 1 1 0 4 2 4 4 2 2 3 1 2 4 1 0 3 3 1 3 4 3 2 1 0 0 4 4 2 3 3 1 3 1 4 2 4 1 3 1 3 2 2 0 4 3 2 0 4 4 4 1 0 0 3 4 0 1 1 2 1 4 
3 1 2 2 2 1 1 2 3 3 2 1 1 1 0 1 2 2 4 0 3 3 1 3 0 4 3 3 4 2 3 0 2 0 1 4 1 3 2 0 2 4 4 3 3 0 2 4 2 1 2 2 1 4 3 3 3 3 1 3 0 3 0 0 3 4 2 1 4 1 2 4 3 4 1 4 3 4 0 0 1 1 1 4 1 4 2 4 3 3 3 4 3 4 0 4 3 2 2 1 3 1 2 2 4 0 3 4 4 4 1 4 0 3 4 1 1 4 3 0 2 3 
2 3 2 1 2 3 4 2 4 3 2 0 0 0 3 0 3 1 4 4 4 1 0 2 4 1 0 2 4 3 1 3 2 0 0 2 1 2 3 0 2 2 0 4 3 2 1 0 3 3 2 1 0 0 4 2 2 1 2 1 4 3 0 2 4 4 3 0 4 3 1 2 1 0 3 1 2 4 2 2 2 3 3 3 3 3 0 0 0 2 1 2 1 3 4 4 3 0 4 1 0 4 1 2 2 2 4 1 4 1 2 4 4 1 2 0 1 4 0 0 0 2 
0 3 3 1 4 3 2 1 1 1 2 4 3 1 0 3 0 0 2 2 4 1 4 1 0 4 1 1 4 1 3 1 4 3 0 4 0 2 4 2 1 0 3 3 2 1 2 0 2 4 2 1 0 1 2 4 1 2 4 0 2 4 3 1 3 1 4 0 3 1 1 0 4 1 2 4 3 3 3 0 2 1 3 0 4 2 4 3 2 2 1 4 0 4 0 0 3 2 1 0 0 3 0 0 2 0 1 3 3 3 2 0 2 1 4 4 2 3 4 3 2 2 
0 1 2 4 4 1 4 0 1 2 1 1 0 2 3 3 4 1 2 3 3 2 4 2 4 3 0 2 3 0 1 4 4 2 4 2 4 0 3 3 2 2 3 1 1 0 1 2 1 4 2 4 0 4 4 1 2 1 4 0 1 1 0 3 4 0 3 0 0 2 4 0 2 3 2 0 4 2 3 3 2 1 4 1 2 1 2 0 3 2 1 4 3 2 1 4 3 4 4 2 1 3 3 3 1 0 1 2 1 4 3 3 0 2 1 4 2 2 0 3 4 4 
3 4 4 3 3 1 1 2 4 3 0 4 1 1 0 0 0 4 1 1 0 1 2 1 0 0 1 4 3 3 4 0 3 0 4 3 2 4 2 3 4 1 4 0 3 3 2 4 1 4 0 3 1 4 4 3 2 4 1 0 4 0 4 0 4 0 0 1 4 4 4 3 0 0 1 3 0 2 3 3 2 4 0 3 0 4 0 2 0 3 0 1 1 4 2 1 4 0 4 4 2 2 1 1 4 3 1 4 1 0 0 1 4 2 4 0 2 1 2 1 2 1 
3 3 4 4 0 1 3 0 2 3 1 2 2 2 4 1 1 1 1 1 2 1 0 4 1 1 0 2 0 4 0 0 2 2 4 4 0 3 1 1 4 2 3 2 3 3 2 0 1 4 4 2 2 4 1 1 1 3 3 0 3 4 1 4 0 4 2 0 0 4 3 0 1 2 4 4 0 1 0 2 1 4 1 4 2 3 3 2 4 4 0 3 1 0 2 3 1 4 1 1 2 1 0 2 2 2 3 3 1 0 1 1 2 0 0 4 2 4 2 0 0 2 
2 3 0 2 3 1 3 1 4 1 1 0 2 4 4 2 2 1 4 1 3 1 4 0 4 1 2 3 1 2 3 0 1 4 3 1 0 1 3 2 4 4 2 3 0 2 2 3 2 3 2 4 4 1 3 2 0 1 2 1 4 1 4 0 1 3 0 3 4 1 3 0 1 3 1 1 0 3 2 1 3 3 4 4 1 1 1 2 2 0 3 4 2 1 4 3 4 2 2 3 2 4 3 0 0 3 4 0 0 3 1 4 4 3 2 3 1 4 3 4 0 3 
0 0 4 3 3 2 2 2 2 4 4 3 3 1 0 0 3 3 1 4 4 0 1 2 4 2 2 1 0 1 3 3 0 0 0 1 0 4 0 1 4 3 3 1 4 4 3 0 1 0 3 0 1 4 1 2 4 3 0 3 2 3 4 0 3 1 2 4 1 4 1 0 4 2 2 1 4 1 4 4 3 3 2 3 3 0 1 0 4 4 2 4 4 4 4 2 2 4 3 0 2 0 3 1 3 1 2 2 2 2 4 4 2 3 1 2 1 4 4 3 3 3 
4 4 3 2 0 1 3 3 0 1 2 0 4 2 4 4 4 3 2 2 3 2 3 3 2 0 3 1 3 0 2 3 1 0 0 3 0 3 3 1 2 0 0 3 4 2 2 3 2 0 0 4 4 4 2 2 0 1 2 3 0 4 3 1 3 1 2 1 2 2 3 2 3 3 1 4 2 0 1 4 2 4 1 2 4 0 2 2 2 0 3 3 4 3 2 1 2 3 3 2 1 4 4 4 2 2 3 1 1 1 4 2 4 1 4 3 3 3 4 4 3 4 
2 4 0 3 2 1 4 0 0 0 3 2 0 1 3 2 0 2 0 0 1 0 1 0 0 2 2 2 0 3 2 0 1 3 4 0 1 4 1 4 2 4 3 2 2 0 2 0 4 3 1 2 0 2 3 2 2 3 4 0 0 1 4 1 4 0 2 2 1 4 4 3 0 1 1 2 0 1 0 1 2 1 1 2 0 1 1 3 1 3 0 1 3 1 0 2 4 3 0 3 3 0 1 3 4 0 0 4 1 2 4 2 1 2 4 0 1 1 4 2 3 0 
3 0 4 4 2 3 3 3 1 2 4 3 3 3 4 4 3 4 4 2 0 1 2 2 0 2 4 4 4 2 0 0 1 0 3 2 0 4 0 1 3 1 1 1 0 0 4 4 4 2 3 4 1 2 4 1 0 1 1 3 2 3 4 4 1 3 0 2 4 0 4 3 2 3 3 2 2 0 1 3 0 4 1 4 1 0 0 2 3 3 0 4 2 4 0 2 1 4 1 3 0 1 4 4 3 1 2 1 4 1 3 1 1 1 3 4 4 3 2 0 1 3 
4 3 1 0 1 1 0 1 4 0 3 4 3 4 4 1 4 4 0 4 2 3 4 4 3 0 1 0 4 1 2 3 2 4 2 3 4 2 3 4 4 2 2 3 0 4 0 1 1 0 3 2 3 2 3 4 0 0 0 2 3 2 0 3 4 3 4 4 3 2 0 1 0 1 4 0 4 0 0 3 1 4 2 2 2 1 0 1 3 2 1 1 4 2 2 1 4 1 4 4 4 4 1 1 0 1 3 3 1 0 4 3 0 1 2 4 4 4 3 3 3 2 
1 4 3 4 0 4 1 3 3 0 1 1 3 2 1 2 1 2 0 0 1 1 1 3 3 4 1 2 3 3 2 4 1 2 0 1 3 4 3 2 4 4 3 0 2 4 1 4 3 4 2 2 1 2 0 4 1 2 4 4 0 0 3 0 2 0 2 4 1 1 2 4 1 1 1 2 1 2 2 2 2 3 0 3 1 1 2 2 4 4 2 3 2 0 4 0 2 3 1 4 1 0 0 2 1 0 2 0 4 1 1 2 1 3 3 1 2 0 4 0 0 2 
0 1 0 4 1 4 4 1 4 2 1 1 4 0 4 1 0 0 1 0 1 4 2 2 4 2 2 0 1 4 4 0 3 0 3 0 3 2 1 3 1 3 3 2 2 2 2 2 4 0 1 4 2 0 0 0 4 1 1 4 1 4 0 4 3 0 2 3 2 2 1 0 4 4 2 0 0 1 0 2 4 2 0 2 4 3 0 3 1 1 0 0 3 1 4 2 0 2 3 3 0 4 0 0 0 3 1 3 3 0 3 0 4 1 4 0 2 1 3 3 4 1 
1 1 0 1 1 2 4 2 4 3 1 2 4 3 1 1 4 1 2 2 0 4 0 1 4 3 4 4 0 2 4 2 0 2 2 0 2 4 4 3 4 2 3 3 3 3 0 4 1 2 1 3 4 2 0 0 3 4 3 1 0 2 4 0 4 4 4 3 4 0 2 4 1 4 3 2 0 2 2 2 0 1 3 2 1 4 3 3 0 2 3 1 1 3 2 4 3 0 1 0 0 4 0 4 0 3 4 2 3 4 3 0 1 2 2 2 1 4 0 4 4 1 
2 2 2 1 4 2 4 0 2 0 2 4 1 3 3 4 0 1 4 0 4 1 0 4 1 3 2 1 3 0 2 0 3 4 4 3 2 4 4 2 2 3 1 0 3 1 2 0 2 4 4 1 1 0 4 0 0 0 0 1 1 1 0 3 2 4 4 4 0 3 0 3 3 0 4 0 4 2 2 0 1 3 0 4 2 1 0 3 2 0 3 0 4 2 3 0 2 1 4 0 1 2 2 2 0 2 0 3 2 3 2 0 2 0 0 4 3 4 4 4 0 3 
1 4 1 4 1 3 0 2 4 0 1 3 2 3 2 1 0 0 1 1 0 0 1 4 3 4 4 0 3 4 4 0 4 2 4 4 2 1 0 1 4 1 3 2 4 1 1 3 3 4 0 4 4 1 2 2 2 1 3 3 4 2 3 2 0 3 0 0 3 2 0 1 1 0 3 4 3 0 2 3 3 4 0 2 2 3 3 2 1 4 2 4 2 2 0 0 2 0 2 2 2 3 4 3 4 2 3 2 2 4 4 2 2 4 4 2 3 1 2 0 3 4 
1 2 1 3 4 4 1 3 4 4 3 0 3 1 3 2 4 0 3 2 1 3 4 1 4 1 0 1 1 4 1 4 0 1 1 1 3 4 4 1 3 2 4 0 1 2 4 4 0 4 0 0 0 3 2 0 4 0 3 4 0 3 4 4 1 1 2 0 0 4 4 2 4 4 4 2 3 0 1 4 0 1 4 3 4 2 2 3 1 3 4 2 4 1 4 0 0 1 4 2 2 2 3 3 0 4 3 1 0 1 0 0 0 1 0 2 1 0 2 4 0 4 
1 1 3 2 0 4 0 2 3 3 2 2 4 3 1 4 0 0 0 4 4 3 3 1 1 2 1 4 3 3 2 4 3 1 0 2 3 2 0 3 1 4 1 4 4 4 0 3 0 4 3 4 3 4 0 3 0 2 1 0 2 2 2 3 2 4 0 4 4 3 0 1 3 2 0 0 4 0 2 0 0 0 1 3 2 0 3 0 2 0 4 0 1 2 0 1 4 3 3 2 3 3 2 2 3 1 2 4 0 0 3 2 2 3 1 4 3 2 3 1 0 3 
0 4 2 0 2 2 2 2 1 3 2 4 4 0 2 0 4 4 3 4 3 0 1 4 2 0 3 0 0 1 4 3 1 4 4 2 1 1 1 1 1 4 0 4 3 1 1 0 3 4 3 2 1 3 0 4 3 3 3 0 1 0 2 3 3 1 1 3 3 4 1 1 4 2 4 1 4 3 4 4 4 4 2 1 4 0 4 0 0 2 2 4 1 4 1 4 0 1 3 2 1 4 1 4 0 3 0 3 2 3 0 4 4 2 1 0 0 4 3 3 4 1 
4 2 3 1 2 4 3 2 0 1 2 2 4 2 3 0 2 1 2 3 0 0 1 3 3 2 0 0 1 4 4 3 1 3 2 2 3 2 1 2 4 4 3 1 3 3 3 0 1 2 0 2 3 4 1 4 4 3 3 4 2 3 3 2 4 1 2 4 0 1 0 2 3 3 4 3 0 1 3 4 0 0 0 1 1 2 0 0 1 1 0 1 4 1 1 1 0 1 3 2 0 2 3 2 3 3 0 0 2 3 4 4 0 3 3 2 0 3 0 2 1 1 
3 4 0 3 0 4 0 0 0 1 1 4 2 2 3 1 2 0 0 0 3 1 0 1 3 3 2 1 3 3 3 2 1 4 0 3 0 3 1 4 2 2 0 1 0 4 3 0 3 4 2 4 1 2 2 1 2 3 2 2 2 1 2 1 0 0 0 4 1 0 4 0 4 2 1 3 0 3 3 3 4 4 2 1 3 4 4 1 4 4 0 0 0 2 0 2 0 0 3 4 4 3 1 2 1 1 0 0 0 2 0 0 4 3 0 3 1 4 1 4 1 2 
2 1 2 3 0 3 1 1 0 1 1 3 2 4 2 4 4 4 1 1 2 2 2 3 0 2 2 2 0 3 0 1 4 0 0 2 0 3 4 4 3 4 3 0 1 2 0 4 4 2 4 2 0 1 2 3 2 2 4 2 3 2 1 2 1 3 0 3 4 2 0 1 2 0 3 3 0 1 1 0 2 2 3 4 2 2 0 4 0 2 3 3 3 3 4 3 3 4 4 3 2 4 2 4 2 1 2 0 1 0 1 4 3 3 2 2 1 3 2 3 3 1 
1 0 2 2 4 1 3 0 4 2 3 0 0 1 3 1 3 1 1 0 2 4 4 3 3 0 3 1 1 4 0 3 0 0 0 4 1 3 4 0 0 2 0 3 2 2 2 0 4 1 2 3 1 1 3 1 1 2 2 1 4 4 1 3 3 3 3 3 0 2 1 2 3 3 3 3 2 2 4 2 3 3 0 4 0 3 0 0 4 2 1 1 2 3 2 1 1 3 1 1 0 0 1 4 3 2 3 2 3 1 4 1 1 2 3 0 2 1 0 4 1 4 
3 3 4 0 0 1 1 2 0 3 2 2 2 2 3 1 4 0 2 2 3 4 4 0 2 0 1 1 1 0 2 2 0 1 0 4 4 4 4 0 4 0 0 4 1 3 2 4 4 4 2 4 0 4 0 4 4 1 3 1 2 4 2 0 2 4 0 4 4 2 3 4 2 1 2 0 2 3 2 1 1 3 1 1 1 0 2 0 2 1 3 2 4 2 2 2 4 1 2 1 1 2 0 1 4 2 3 0 1 0 3 3 3 1 2 2 3 1 4 1 3 0 
2 1 4 4 2 1 2 0 0 4 4 1 0 0 0 2 1 4 1 3 4 0 1 1 4 2 1 3 0 2 2 2 0 1 0 2 3 0 1 3 0 2 1 3 1 2 0 3 4 0 4 2 2 2 2 0 3 1 2 1 0 1 4 0 3 4 3 2 0 0 0 4 0 1 0 4 4 1 2 0 4 1 0 4 0 3 3 1 0 1 0 0 0 3 2 1 1 3 1 4 4 0 0 2 0 2 4 4 2 0 3 3 3 0 4 2 0 4 4 4 2 0 
2 0 0 3 3 0 3 4 1 1 0 3 2 4 3 0 4 0 2 0 1 4 3 0 1 1 1 2 2 3 1 2 4 3 4 2 4 2 4 4 3 3 1 4 1 1 2 4 2 2 0 2 3 1 4 0 3 0 4 1 2 1 2 2 0 0 1 2 4 4 4 2 0 1 2 4 1 2 4 0 0 4 3 2 0 1 0 3 2 3 4 2 2 4 4 3 3 3 1 0 3 0 2 0 1 2 2 2 3 3 4 0 3 4 2 4 3 1 1 0 0 3 
1 4 2 0 4 3 0 1 2 0 1 1 4 4 2 3 2 1 0 0 4 1 0 0 2 3 4 2 4 2 1 0 0 4 0 1 3 2 3 4 3 4 0 2 2 0 2 3 0 0 2 4 1 1 0 2 2 4 2 4 3 1 1 4 3 3 2 4 1 1 0 3 2 4 0 3 3 2 2 1 0 1 1 4 4 1 3 3 1 1 3 2 1 3 4 4 4 1 2 0 0 3 4 4 1 2 2 4 2 3 3 3 4 0 2 1 0 2 3 3 4 1 
2 1 0 1 3 4 1 0 1 4 4 1 3 4 4 3 3 2 4 3 2 0 4 3 0 4 2 4 1 1 3 2 1 0 0 1 3 0 1 2 2 4 1 4 2 2 3 2 3 2 4 1 2 4 1 4 4 4 3 2 4 3 0 3 3 3 2 1 4 1 0 1 3 2 3 1 2 4 4 3 4 3 0 2 1 4 1 0 0 0 1 2 4 1 0 3 0 1 1 0 4 2 3 0 2 4 2 3 2 4 2 1 4 4 3 1 0 1 0 4 2 1 
0 2 3 2 3 0 2 1 1 2 0 4 3 1 4 0 3 0 0 3 3 1 3 0 1 0 0 0 4 0 2 4 4 0 2 1 2 0 2 2 3 2 0 1 3 1 3 4 3 0 0 4 3 3 3 4 0 4 2 2 2 2 4 1 0 0 3 0 2 1 0 2 1 4 1 1 4 1 1 2 3 4 1 0 0 0 3 3 1 3 0 3 4 0 2 1 4 1 3 4 1 4 2 3 4 0 0 2 4 3 3 4 1 3 4 4 2 2 1 0 2 1 
3 2 3 2 2 3 0 0 4 3 1 1 1 4 2 4 2 2 0 3 0 3 3 4 1 2 2 3 4 4 0 2 1 1 1 2 0 2 4 0 2 4 2 2 2 0 4 0 2 0 0 3 0 2 4 1 2 3 1 3 0 0 0 2 0 2 2 1 3 1 4 2 1 4 3 1 0 0 1 0 1 4 1 3 2 1 3 1 3 2 4 2 0 1 2 0 3 4 4 3 2 4 4 4 2 2 2 0 1 2 1 3 2 0 4 4 2 1 1 2 3 2 
4 2 4 3 4 3 3 4 2 4 1 0 4 4 3 1 1 3 1 4 1 0 3 4 2 2 0 4 3 2 4 2 2 4 4 2 2 4 1 1 0 0 4 3 2 3 1 4 0 1 0 3 0 2 3 2 3 1 3 1 2 1 4 3 2 1 4 0 1 3 2 2 4 0 4 1 0 1 1 4 2 3 4 2 4 3 4 4 4 1 3 3 1 0 1 2 2 0 1 3 1 1 2 2 4 3 3 2 2 3 0 2 1 3 1 2 0 1 2 0 2 4 
3 1 0 2 3 1 4 0 0 1 1 4 3 2 4 1 1 0 2 4 1 2 3 2 1 0 3 1 1 2 4 4 2 2 0 2 4 3 1 0 3 4 3 0 1 4 4 0 4 0 2 0 1 1 2 4 3 2 3 3 4 4 2 4 1 4 1 2 3 2 1 3 1 3 1 3 3 3 1 4 1 4 1 3 2 3 1 3 4 2 2 1 3 4 2 4 2 0 2 2 0 1 1 3 1 1 3 0 2 2 1 1 4 3 0 1 0 0 0 1 4 0


 