1
20

[Node]
  0  25.000  25.000   0   0  
151  25.000  25.000   0   0 

[Pickup]
  1  30.792  21.611   0   6  20  87  147  
  2  49.256   1.163   0  20  20 151  211
  3  31.284  41.613   0   9  20 275  335
  4  49.040   6.118   0  20  20  87  147  
  5  43.522   5.032   0  11  20 519  579
  6  20.092  47.851   0  14  20  35   95
  7  29.362  43.857   0  20  20 497  557
  8  43.592  16.373   0  12  20 361  421
  9   8.425  35.962   0   9  20 398  458
 10  22.590   4.106   0  16  20 263  323
 11  23.546  22.740   0  20  20  14   74
 12  24.540  28.941   0   7  20 319  379
 13  10.773   6.480   0  16  20 329  389
 14   8.468  49.652   0   7  20 139  199
 15  29.079  18.591   0   7  20  43  103
 16   6.213   8.965   0   6  20  66  126
 17  30.165  32.199   0  19  20 450  510
 18  36.175  39.439   0  16  20 286  346
 19  21.201  19.103   0  16  20 320  380
 20  33.213   8.867   0  20  20 205  265
 21   5.536   0.010   0  16  20  43  103
 22  20.402  32.033   0  12  20 327  387
 23  41.624  36.164   0   5  20 236  296
 24   6.121  13.830   0  19  20  15   75
 25   2.914  17.905   0  14  20 202  262
 26  29.446  23.643   0   5  20 101  161
 27  33.206  23.665   0  12  20 559  619
 28  43.950   8.239   0  19  20 126  186
 29   0.877  35.499   0  13  20 354  414
 30  16.035   8.880   0  18  20 445  505
 31   1.607  24.618   0   5  20 287  347
 32  33.822  45.294   0  20  20 207  267
 33   5.351  33.197   0  12  20 323  383
 34  24.858  30.971   0  17  20  94  154
 35  40.939  38.227   0  17  20 338  398
 36  38.800   1.402   0  10  20  25   85
 37  38.172  36.141   0   7  20 415  475
 38   1.899  28.514   0  13  20  21   81
 39  14.120  25.943   0   8  20 170  230
 40   3.232  19.697   0   5  20  98  158
 41  21.550  48.972   0   6  20 166  226
 42  25.121  14.175   0  13  20 246  306
 43  46.614  33.525   0   9  20 109  169
 44  26.917  10.262   0  12  20 253  313
 45  17.662  23.509   0  10  20 297  357
 46  45.891  16.132   0   8  20 231  291
 47   9.526  12.561   0  20  20 437  497
 48  44.876  15.993   0  11  20 337  397
 49  37.866   5.636   0  20  20 307  367
 50  19.544   2.811   0   6  20 217  277
 51  18.473   7.683   0  19  20 210  270
 52   4.865   5.132   0  13  20  31   91
 53   5.753  46.838   0   5  20 183  243
 54   0.502  12.330   0  16  20 127  187
 55  33.746  28.120   0  20  20 368  428
 56  45.989  10.968   0  11  20  10   70
 57   3.539  44.452   0   6  20 540  600
 58  13.724   0.521   0   7  20 267  327
 59  23.082  27.051   0   6  20 134  194
 60   6.991  28.566   0   9  20 315  375
 61  43.333   2.520   0   9  20 255  315
 62   5.201  17.849   0  16  20 268  328
 63  48.752  22.602   0  17  20 320  380
 64  23.690  20.762   0  20  20 281  341
 65  12.358   2.377   0   8  20 198  258
 66  18.616  29.082   0   8  20 507  567
 67  43.621  11.226   0   9  20 546  606
 68  35.186  48.041   0   9  20 410  470
 69  37.245  49.180   0  16  20 524  584
 70  32.381   1.616   0  17  20 156  216
 71   2.492  19.502   0  14  20 344  404
 72  24.958  44.525   0  16  20 109  169
 73  33.957  22.806   0  14  20 415  475
 74  19.067  22.074   0  12  20 110  170
 75  15.150   8.873   0  18  20 580  640



[Delivery]
 76   1.927  28.760   0   -6 20 458  518
 77  40.713  20.398   0  -20 20 172  232
 78  23.997  42.655   0   -9 20 282  342
 79   4.641  41.602   0  -20 20 143  203
 80  19.457  28.911   0  -11 20 552  612
 81  49.712  41.703   0  -14 20  65  125
 82  27.729  30.525   0  -20 20 510  570
 83  29.411  35.205   0  -12 20 384  444
 84  21.106  14.542   0   -9 20 422  482
 85   6.231  27.622   0  -16 20 291  351
 86   5.233  21.397   0  -20 20  32   92
 87  26.298  18.397   0   -7 20 329  389
 88   0.415  27.147   0  -16 20 352  412
 89  44.045  44.430   0   -7 20 174  234
 90  31.177  33.186   0   -7 20  57  117
 91  32.344  28.953   0   -6 20  98  158
 92  28.282   9.106   0  -19 20 473  533
 93   7.452  42.655   0  -16 20 314  374
 94  43.067  20.853   0  -16 20 341  401
 95  16.577   1.804   0  -20 20 223  283
 96   5.976  14.501   0  -16 20  57  117
 97  15.093   2.601   0  -12 20 356  416
 98  10.374  31.063   0   -5 20 267  327
 99  24.231  25.224   0  -19 20  36   96
100  28.297  11.780   0  -14 20 228  288
101  35.637  29.455   0   -5 20 109  169
102  20.539  15.239   0  -12 20 574  634
103  14.764  30.114   0  -19 20 162  222
104   1.947  14.707   0  -13 20 374  434
105  30.085  33.939   0  -18 20 473  533
106  21.311  25.250   0   -5 20 306  366
107  33.972   7.487   0  -20 20 244  304
108  43.162  13.590   0  -12 20 365  425
109  24.153  10.356   0  -17 20 114  174
110   4.895  49.819   0  -17 20 375  435
111  40.441  13.417   0  -10 20  37   97
112  49.513  33.466   0   -7 20 426  486
113  12.350  35.096   0  -13 20  33   93
114   0.797  45.090   0   -8 20 193  253
115   2.093  41.458   0   -5 20 119  179
116  40.711  22.952   0   -6 20 198  258
117  42.301  11.262   0  -13 20 263  323
118  27.666  25.127   0   -9 20 129  189
119  26.881   2.860   0  -12 20 260  320
120  25.203  37.360   0  -10 20 312  372
121  38.211  44.863   0   -8 20 260  320
122  36.285  23.702   0  -20 20 465  525
123  44.160  28.401   0  -11 20 349  409
124  46.204  48.128   0  -20 20 350  410
125  16.726  43.052   0   -6 20 257  317
126  49.977  34.604   0  -19 20 251  311
127   4.367  17.426   0  -13 20  43  103
128  22.945  21.747   0   -5 20 213  273
129  39.211   6.138   0  -16 20 166  226
130   6.882  36.556   0  -20 20 396  456
131  24.827   2.956   0  -11 20  32   92
132  45.364  18.704   0   -6 20 589  649
133  48.885  38.759   0   -7 20 318  378
134  41.305  35.612   0   -6 20 154  214
135  28.002   7.563   0   -9 20 344  404
136  11.347   4.301   0   -9 20 287  347
137  17.842  49.653   0  -16 20 302  362
138   0.270  49.273   0  -17 20 375  435
139  12.111   0.741   0  -20 20 304  364
140   4.713  40.923   0   -8 20 237  297
141   5.610  21.136   0   -8 20 522  582
142  15.112  11.469   0   -9 20 574  634
143  13.516   7.788   0   -9 20 455  515
144  36.479   8.006   0  -16 20 565  625
145  49.578  34.757   0  -17 20 193  253
146   9.118  31.574   0  -14 20 357  417
147  23.875  36.185   0  -16 20 117  177
148  20.530  31.998   0  -14 20 431  491
149  15.562  18.248   0  -12 20 115  175
150   5.950  16.766   0  -18 20 592  652



[Speed 0]
  0.0 120.0 0.0 0.5
120.0 600.0 0.0 0.81
600.0 720.0 0.0 0.5 
720.0 840.0 0.0 0.81

[Speed 1]
  0.0 120.0 0.0 0.67
120.0 600.0 0.0 1.33
600.0 720.0 0.0 0.88 
720.0 840.0 0.0 1.33

[Speed 2]
  0.0 120.0 0.0 0.88
120.0 600.0 0.0 1.33
600.0 720.0 0.0 0.67 
720.0 840.0 0.0 1.33

[Speed 3]
  0.0 120.0 0.0 0.85
120.0 600.0 0.0 1.5
600.0 720.0 0.0 0.85 
720.0 840.0 0.0 1.5

[Speed 4]
  0.0 120.0 0.0 1.0
120.0 600.0 0.0 2.0
600.0 720.0 0.0 1.0 
720.0 840.0 0.0 2.0


[speed choose matrix]
1 4 2 4 1 3 1 3 0 1 3 2 4 2 1 1 2 0 0 1 0 2 0 4 4 3 1 0 2 0 4 4 2 0 3 0 1 4 0 4 2 3 0 3 2 3 0 2 0 1 1 3 4 2 4 2 1 3 3 0 0 0 2 0 1 0 4 3 1 3 1 2 2 2 4 0 0 1 1 2 4 4 2 3 3 1 0 2 2 0 2 4 0 4 3 3 0 1 4 3 3 2 0 4 1 3 3 3 3 0 2 4 2 2 0 4 4 4 3 1 3 2 2 0 1 0 0 2 3 3 3 1 2 3 0 2 1 2 3 1 2 3 2 2 4 4 3 0 0 3 3 2 
1 4 4 3 0 4 1 1 0 2 4 2 0 2 4 0 3 1 3 2 0 3 2 0 2 2 3 2 4 1 1 4 0 3 1 1 3 1 2 4 1 4 2 2 3 2 4 3 4 3 2 2 1 3 4 2 2 1 4 2 1 3 1 2 2 1 0 0 3 3 1 0 2 3 1 0 1 1 3 3 3 0 4 2 1 1 0 1 3 4 4 3 1 2 2 1 1 0 0 3 3 3 0 3 4 3 0 4 0 4 2 2 4 3 3 0 0 3 2 4 0 1 2 1 3 2 1 0 3 4 3 3 1 2 3 1 0 2 0 2 0 0 4 3 4 4 4 4 1 3 3 3 
3 3 0 3 3 1 3 1 4 4 2 1 3 0 3 3 1 1 4 3 4 0 2 3 0 3 2 4 0 3 4 0 2 2 4 3 3 2 2 2 3 2 0 1 4 4 3 0 0 4 1 2 3 4 0 4 3 3 2 1 2 3 0 1 3 2 1 1 3 4 1 3 3 1 2 2 3 3 0 3 4 2 2 2 0 3 4 2 3 0 2 4 4 0 1 1 3 0 0 1 2 0 2 4 4 2 2 4 4 1 0 0 2 1 0 4 1 4 2 4 1 0 2 3 0 1 2 1 0 3 0 0 3 3 3 3 4 4 4 3 0 0 2 0 2 1 1 1 3 2 2 3 
4 0 2 2 0 4 1 0 2 4 0 0 1 2 2 1 4 3 3 2 2 4 0 1 2 4 3 3 4 2 1 4 4 4 2 2 2 2 2 2 4 3 2 0 2 4 3 3 4 4 3 4 3 2 2 4 3 1 2 4 2 2 3 0 3 1 4 3 4 2 0 1 0 1 2 4 3 2 3 1 1 2 3 3 1 0 0 1 3 4 1 3 4 4 3 0 4 1 1 1 1 0 0 3 2 2 1 3 0 4 3 2 1 0 1 4 4 4 2 2 3 1 2 2 3 0 3 4 0 2 2 4 0 2 1 4 1 2 3 0 1 3 4 3 2 3 4 4 3 2 2 4 
0 0 3 0 2 2 4 4 3 0 0 2 1 1 2 2 1 2 3 1 1 2 2 1 0 0 0 0 4 0 2 1 3 3 0 4 3 3 4 1 2 1 2 1 0 3 2 4 0 4 4 4 2 2 4 3 3 3 2 1 4 1 1 2 3 2 0 4 4 1 1 2 1 2 4 1 1 4 3 2 2 0 1 4 0 2 2 1 4 0 0 4 4 4 4 1 0 3 3 0 3 2 2 4 2 2 0 3 1 4 4 0 3 1 3 4 4 2 1 1 3 0 2 2 0 3 4 0 0 1 3 3 3 3 3 2 1 1 3 4 1 0 2 4 2 1 4 3 0 3 0 1 
3 2 4 4 0 2 2 1 4 4 2 0 2 0 2 3 4 0 0 4 4 4 0 3 3 2 0 3 3 4 3 3 1 1 2 0 1 4 2 0 3 0 2 3 0 3 4 2 0 2 1 0 4 4 2 4 0 2 1 1 4 1 0 0 1 1 4 0 3 1 1 0 3 0 0 3 1 0 0 4 0 0 2 3 0 4 1 4 2 3 3 0 2 3 0 1 4 4 2 0 2 3 4 3 1 2 0 3 4 0 1 2 1 4 1 4 4 2 0 3 0 4 3 2 1 4 4 3 0 3 0 0 0 1 2 4 4 1 4 2 0 2 4 0 1 1 1 2 0 4 4 4 
2 0 2 0 1 4 4 2 1 0 2 3 4 4 2 0 1 2 1 2 3 0 3 4 0 3 3 0 3 2 1 4 1 2 4 4 1 0 1 3 1 2 0 2 3 0 3 3 1 1 2 0 2 3 2 1 3 1 1 1 1 4 4 1 4 2 4 2 3 4 0 1 1 1 3 3 4 0 1 1 0 2 0 4 3 2 0 2 3 3 2 3 1 4 1 2 3 1 1 4 4 4 4 1 4 0 1 1 4 1 4 2 0 2 4 1 3 3 3 2 2 4 4 3 4 0 0 4 3 2 3 3 1 3 0 3 0 2 0 4 0 4 1 2 2 3 1 3 2 0 2 0 
4 3 3 2 0 4 3 2 1 3 1 1 1 2 1 2 3 2 3 4 0 1 2 2 0 1 2 2 4 1 2 2 3 1 2 1 0 4 3 1 3 4 2 3 4 2 0 0 2 0 1 3 0 0 2 1 3 0 0 2 0 4 1 1 4 3 4 0 1 4 3 1 1 0 0 1 3 1 1 1 4 3 3 4 3 3 4 0 1 3 1 4 1 1 4 3 4 3 3 0 2 0 4 3 0 0 1 4 2 0 3 2 4 3 0 2 1 1 4 0 3 2 3 3 0 1 4 1 4 0 0 3 0 0 3 0 1 3 1 1 4 2 2 4 1 3 4 1 1 3 1 1 
3 4 0 0 1 0 2 3 1 1 3 1 4 1 2 3 4 3 4 3 4 3 0 1 2 2 4 1 1 0 3 0 1 3 4 0 2 3 0 0 1 2 4 3 1 4 2 2 0 0 4 2 3 2 3 2 0 4 2 1 0 1 0 2 2 0 0 3 2 0 3 1 4 0 1 1 1 1 1 4 4 3 4 2 4 1 0 2 0 1 3 4 2 0 3 1 2 0 3 3 1 0 4 3 1 4 3 3 3 4 4 4 1 0 4 0 1 4 0 3 1 2 3 1 0 2 3 4 4 1 1 3 2 1 3 2 3 4 0 4 4 2 4 4 3 0 0 4 4 2 3 3 
2 1 4 4 3 4 1 2 4 2 4 3 0 2 0 2 0 1 2 3 0 3 0 4 0 3 0 1 3 3 1 1 0 0 3 4 3 2 0 3 4 2 0 2 0 3 0 4 2 0 1 2 3 4 1 3 0 4 3 1 1 0 0 3 0 1 4 3 1 3 1 2 4 4 1 3 4 4 2 0 3 1 0 2 1 3 0 0 1 4 2 2 2 1 3 0 4 0 4 1 1 3 4 0 2 3 3 4 2 0 1 3 0 1 1 4 3 0 1 4 3 2 1 1 3 0 2 4 2 2 4 0 2 4 3 3 1 1 4 0 3 4 2 1 3 4 0 0 2 3 2 2 
4 0 4 0 0 1 0 0 2 0 1 3 1 4 1 1 0 0 3 0 2 3 2 4 2 2 4 3 2 2 3 1 2 1 2 2 3 2 0 2 2 4 1 2 3 0 0 2 3 3 0 0 2 0 3 4 2 2 2 2 2 2 0 3 2 1 1 0 3 4 2 0 2 1 0 1 0 0 2 2 1 3 2 2 1 0 4 1 3 3 1 4 0 3 0 1 4 1 4 2 3 0 1 3 2 3 2 3 3 0 1 4 2 4 0 0 2 4 3 0 3 2 3 4 0 4 3 1 3 3 4 1 3 0 4 3 2 4 4 4 1 4 0 4 0 1 2 4 4 0 1 1 
3 4 2 0 1 1 0 0 2 1 2 4 3 0 1 1 2 2 4 2 0 0 3 4 0 4 3 4 1 3 0 3 2 1 3 1 1 1 3 3 4 2 2 2 1 2 4 0 1 4 0 0 3 0 3 1 1 2 4 4 1 1 4 4 1 0 4 2 0 2 3 2 3 4 4 1 0 3 0 3 3 3 2 3 1 1 1 4 3 2 0 1 3 1 1 4 3 0 1 3 0 3 0 0 1 3 2 2 3 4 2 3 0 2 1 1 2 2 1 3 4 1 0 0 3 2 4 1 1 3 4 3 2 3 2 4 1 2 2 0 1 4 0 1 4 3 2 3 1 0 3 2 
3 1 1 0 1 0 0 3 4 3 0 3 1 4 3 3 3 1 1 2 3 3 3 4 1 1 0 1 3 3 1 0 4 1 0 0 4 1 1 1 0 4 0 4 1 0 2 1 3 0 2 0 2 2 0 2 2 4 0 3 1 1 2 2 3 1 0 3 4 4 2 4 4 0 0 4 2 2 3 2 4 3 0 2 3 3 4 3 1 1 4 4 4 4 2 2 4 2 2 1 4 4 4 3 1 0 4 3 0 4 0 4 4 1 2 2 1 2 0 3 0 4 2 1 4 3 2 1 4 4 4 4 2 0 1 1 3 1 2 4 3 4 3 0 3 2 2 0 4 0 2 1 
3 2 4 0 4 1 3 0 0 3 4 3 3 0 2 4 2 3 3 0 3 4 1 4 0 3 4 4 3 4 4 3 4 1 1 1 3 1 0 0 2 2 3 1 4 0 2 2 1 1 4 3 1 1 2 1 0 4 0 0 3 1 3 3 4 3 2 0 4 3 2 4 4 2 3 0 1 3 0 1 3 0 1 0 2 0 3 2 4 4 2 3 1 0 3 4 0 3 0 2 1 2 0 2 3 3 1 4 1 2 3 4 1 0 4 1 0 0 3 0 0 3 1 3 4 1 2 3 0 4 1 1 4 3 0 1 2 4 0 2 3 4 2 0 4 4 2 2 4 0 2 1 
4 1 1 1 0 3 0 0 1 0 1 2 1 2 3 1 3 1 3 0 3 2 1 3 0 2 4 3 3 3 4 4 4 3 3 0 0 2 4 4 1 0 4 4 2 3 2 2 4 2 4 4 3 1 0 4 1 3 3 0 1 3 2 2 0 0 1 2 1 1 0 0 2 0 0 4 4 2 3 1 0 4 1 2 1 1 3 3 1 4 3 2 0 3 4 2 4 2 2 0 4 1 3 0 0 1 3 3 2 3 0 2 2 4 2 1 4 0 0 4 2 2 2 2 0 0 3 2 4 1 1 4 0 1 3 0 1 4 2 4 0 3 4 3 0 1 4 1 4 1 0 1 
0 3 4 4 4 2 4 4 1 0 0 1 2 0 1 1 3 4 3 1 4 2 3 0 0 3 2 0 3 0 3 4 4 1 0 3 0 2 4 1 0 2 2 1 3 3 1 1 4 0 1 0 2 1 2 0 4 2 0 0 2 0 4 2 0 4 1 1 2 1 3 4 0 1 2 3 3 1 1 1 3 1 4 2 1 0 3 0 3 3 1 2 2 4 3 2 1 2 3 0 4 0 1 1 0 3 3 2 2 0 4 1 4 4 2 4 2 2 1 3 3 3 3 2 4 0 1 0 3 1 3 2 2 2 1 2 0 0 1 3 0 1 3 4 0 3 3 0 2 1 3 0 
4 4 1 3 4 4 0 3 2 2 0 0 2 4 0 1 0 0 4 1 2 4 4 3 1 0 0 4 1 1 4 0 4 0 3 3 3 3 1 0 4 0 3 1 3 0 2 4 4 1 0 4 3 1 1 0 1 4 4 1 2 2 2 0 4 4 0 0 1 1 4 4 3 3 4 3 4 1 3 0 4 3 0 3 3 4 0 1 0 3 4 0 0 2 3 2 0 1 4 1 4 3 2 1 4 4 0 4 2 4 3 1 1 1 0 2 2 4 2 1 3 3 0 2 2 1 3 3 2 4 0 4 1 0 1 1 2 3 2 2 0 4 1 4 4 3 1 3 2 4 1 4 
2 3 4 0 4 0 4 1 3 4 2 4 3 1 1 3 3 2 3 2 0 4 4 3 3 3 4 4 4 2 4 3 4 2 2 1 2 2 0 3 4 0 1 3 1 4 2 2 0 2 4 2 1 0 4 4 1 3 3 3 0 2 3 2 4 1 1 3 3 3 3 4 1 4 4 3 4 2 1 2 2 0 2 4 4 4 4 1 2 4 3 3 3 0 3 3 0 2 1 2 4 2 3 2 3 2 4 3 2 1 1 4 1 3 0 1 3 2 1 0 3 0 0 1 4 2 2 1 2 4 0 4 0 0 0 2 4 2 2 3 0 2 3 4 2 3 4 4 1 0 3 4 
1 2 4 0 2 4 0 0 4 1 1 2 2 1 3 0 3 4 2 0 2 2 2 1 1 1 3 4 2 1 0 2 4 1 3 0 4 1 4 3 1 4 3 1 3 0 3 0 2 2 0 1 2 0 3 3 4 2 3 1 0 1 4 4 3 4 2 3 0 2 3 1 3 3 2 0 4 0 0 2 3 4 0 3 4 1 3 2 4 2 4 1 3 4 1 2 2 0 4 0 2 1 2 3 1 4 0 1 4 2 3 0 3 1 3 2 4 3 1 1 4 1 3 1 1 1 0 1 4 3 0 3 1 3 0 0 0 3 3 4 2 1 1 2 0 1 4 1 1 2 2 2 
0 1 1 1 3 2 2 0 4 0 4 3 1 0 1 0 3 3 0 1 0 0 4 1 1 2 4 1 1 0 0 2 1 2 1 2 3 2 0 4 3 0 0 2 1 2 2 2 3 3 4 2 0 2 0 2 4 1 3 2 0 1 2 3 1 4 2 4 3 4 0 2 2 3 4 2 1 2 3 4 3 1 3 2 0 3 0 2 0 0 1 4 1 0 4 3 2 0 0 4 0 2 4 1 0 4 1 1 1 0 2 0 3 3 1 3 0 1 2 2 3 0 2 1 2 3 4 2 1 2 2 4 3 1 4 4 2 4 0 2 3 2 2 0 4 4 3 3 1 2 3 4 
3 3 3 2 2 3 1 4 1 0 2 3 2 4 2 2 1 3 1 3 2 1 2 1 2 3 1 1 1 1 1 2 2 0 3 4 1 4 2 1 1 1 3 1 2 3 2 1 4 1 1 4 2 0 1 0 0 1 0 0 4 0 3 4 1 1 0 3 3 3 0 0 4 1 4 2 1 1 3 0 1 3 2 1 3 2 3 3 4 0 1 1 2 1 1 0 3 3 4 1 1 4 2 3 4 3 2 4 4 1 4 3 2 2 4 0 0 4 0 2 2 1 4 0 0 1 1 0 0 4 4 3 4 3 0 1 2 4 3 0 1 2 4 3 2 0 3 2 1 2 1 1 
4 4 3 0 4 0 2 2 4 4 3 4 1 3 4 3 3 4 1 2 3 4 0 0 2 2 2 3 3 2 2 0 1 2 3 4 3 0 1 0 1 0 4 0 0 3 4 1 1 1 3 2 3 4 3 3 4 2 4 2 4 4 2 2 3 0 3 3 0 3 2 4 0 4 0 0 3 2 4 3 4 2 3 0 2 0 3 2 3 4 4 4 4 0 2 2 1 4 4 4 3 1 1 3 1 0 2 2 3 4 2 1 0 3 0 1 0 4 3 4 4 4 4 3 1 3 1 0 2 2 2 3 4 3 4 2 0 3 3 0 1 1 3 0 1 1 0 0 2 3 3 3 
0 0 3 3 4 4 4 1 4 0 4 0 2 2 3 3 4 0 3 3 2 4 4 3 1 2 4 0 0 0 2 2 2 0 2 0 3 2 4 1 2 3 4 3 2 2 0 1 0 2 1 1 0 4 0 4 2 0 3 1 1 4 4 3 0 0 0 2 0 3 3 2 1 1 1 4 4 2 3 3 0 3 3 1 1 4 2 2 4 2 0 4 0 2 4 1 2 2 4 3 1 0 1 0 4 4 3 3 0 4 4 3 1 4 4 1 0 3 2 4 2 4 4 1 0 3 2 4 3 3 0 0 4 4 4 2 4 0 4 0 2 4 1 2 3 0 0 0 0 1 4 0 
4 4 3 3 2 0 0 0 0 1 3 2 0 0 3 2 1 3 1 4 0 3 0 3 3 1 4 3 2 2 3 2 3 4 3 2 0 2 4 4 0 3 2 0 1 4 0 0 1 3 3 3 3 0 1 3 1 2 4 3 4 3 3 0 1 1 1 0 0 2 1 1 3 2 2 1 3 2 3 3 1 0 3 4 3 4 1 1 3 4 3 4 1 4 0 0 0 3 3 0 3 4 0 2 2 1 1 1 4 3 3 4 2 4 0 2 2 4 4 3 4 2 4 1 2 2 0 4 4 2 3 2 3 4 1 3 3 2 4 0 3 1 3 2 4 1 1 1 0 3 0 3 
0 3 3 2 1 4 0 3 2 4 2 3 1 0 0 2 1 3 0 2 4 1 4 2 1 2 4 1 0 1 1 2 2 0 3 0 3 0 2 3 3 4 2 0 2 2 1 3 3 2 3 0 4 1 0 0 4 3 3 1 1 4 4 1 4 0 3 0 0 0 2 3 3 0 0 0 4 0 4 2 1 0 4 0 0 2 1 1 1 2 3 2 3 4 3 1 1 1 3 3 3 0 4 3 1 1 3 3 4 3 0 1 0 3 0 4 2 1 4 4 0 4 0 2 3 2 0 0 4 2 1 0 1 1 0 2 2 0 1 1 2 1 2 2 2 4 2 2 3 1 3 4 
1 3 0 4 3 2 2 3 4 4 2 0 3 4 3 4 3 2 4 2 1 0 4 3 0 1 2 4 0 4 4 1 3 4 0 2 1 1 1 4 2 3 3 2 2 3 4 1 2 3 0 1 2 3 4 1 3 1 2 3 3 4 4 3 1 3 4 2 4 1 4 1 0 2 0 3 4 4 1 4 3 4 4 0 2 2 3 1 0 2 0 4 3 3 4 3 0 0 2 2 0 1 3 1 1 2 3 0 1 0 1 2 2 3 2 4 4 0 3 4 2 3 0 4 1 3 2 0 0 2 0 2 3 4 4 0 0 4 4 4 1 2 1 1 0 1 3 0 0 3 3 0 
3 0 0 2 1 1 2 3 0 3 4 3 3 4 3 2 4 0 3 3 4 1 1 2 4 1 2 0 0 4 3 2 4 4 0 2 3 2 1 1 2 3 4 3 1 2 2 1 0 2 3 1 1 0 2 0 2 0 2 0 2 0 4 1 4 3 1 0 0 2 3 3 1 1 4 1 3 0 2 4 0 3 0 4 4 4 3 3 2 3 3 3 1 1 2 3 4 4 1 0 4 3 1 0 4 3 1 2 2 0 4 1 0 4 0 3 0 3 0 4 3 1 4 1 0 1 0 0 0 0 2 1 4 0 0 3 0 3 0 3 2 2 2 2 0 2 2 4 0 2 4 0 
0 1 0 4 0 0 4 2 4 2 1 0 1 3 2 3 4 1 4 4 2 2 4 4 2 3 4 4 2 0 4 4 1 4 2 2 0 4 4 2 0 0 0 2 4 4 0 2 4 4 2 2 3 1 0 3 4 0 4 4 0 4 0 1 3 4 1 2 0 4 3 0 4 1 0 2 3 4 2 1 0 3 3 2 0 3 0 4 4 3 3 4 1 4 3 1 3 4 4 4 0 2 1 3 1 4 0 4 2 2 1 2 3 2 4 2 4 2 1 0 0 1 4 0 3 0 1 0 3 1 3 0 2 4 2 0 2 2 2 4 3 3 0 0 1 0 3 3 1 4 1 0 
4 1 1 1 4 1 2 2 4 0 1 4 1 0 2 3 2 0 2 3 2 1 3 3 1 1 3 3 3 4 3 1 3 2 3 3 2 1 2 4 4 3 4 2 2 0 2 0 2 4 3 4 3 1 1 4 3 4 4 0 0 1 0 0 1 2 3 3 3 1 2 3 2 1 0 4 1 2 4 2 3 0 0 2 1 4 2 4 4 4 2 3 1 3 4 3 2 4 0 3 1 3 3 3 1 4 1 3 1 0 3 1 2 4 2 0 3 0 2 0 1 1 3 3 3 2 0 1 1 4 4 4 1 3 2 1 2 2 2 2 0 3 3 3 0 4 3 2 4 1 1 4 
2 1 2 3 0 1 4 4 0 0 4 4 4 3 0 2 2 3 4 0 1 1 4 3 3 4 2 3 3 1 3 0 4 2 3 0 4 3 0 0 1 1 2 0 1 0 4 1 2 4 3 0 4 4 1 1 0 4 3 1 3 3 4 1 4 3 0 4 3 1 3 3 3 1 4 0 2 0 3 1 1 2 2 1 3 1 1 0 2 1 0 1 2 4 0 4 1 0 3 0 1 0 1 1 0 2 1 2 1 2 3 4 0 1 0 3 1 4 2 0 3 4 4 3 1 3 2 1 3 4 3 1 0 1 3 4 3 2 0 0 2 2 0 3 0 4 4 4 4 3 3 1 
2 2 2 2 4 4 3 2 1 0 2 1 2 3 4 4 1 1 4 2 1 3 4 4 2 0 2 3 0 0 2 1 1 3 3 3 3 1 4 1 2 2 4 1 2 1 1 3 4 1 1 1 2 0 0 1 2 2 2 1 4 4 3 4 4 2 2 4 0 1 4 1 2 1 3 4 0 4 3 2 4 0 3 0 2 2 4 0 2 2 4 0 2 3 0 3 4 1 3 1 2 2 0 0 2 2 1 2 3 2 2 2 4 0 3 4 2 3 3 4 3 2 4 2 3 1 3 1 3 4 3 4 0 3 1 0 4 3 0 3 1 1 0 3 0 3 2 3 0 4 2 2 
0 2 1 4 1 3 0 2 4 3 1 0 1 0 3 1 4 0 1 3 0 4 1 0 3 3 1 0 2 2 2 4 0 2 4 4 4 2 3 0 2 2 3 4 1 3 2 4 0 2 4 2 0 4 1 3 2 4 1 2 1 4 1 1 2 2 4 4 2 1 4 3 4 3 1 1 2 3 2 3 3 4 0 4 0 4 4 1 4 1 3 0 2 3 3 1 3 0 0 1 1 1 2 2 2 2 2 0 1 1 4 4 1 1 4 2 3 2 4 2 2 0 3 4 3 4 4 4 2 3 2 3 4 0 1 2 3 0 0 2 2 2 2 3 2 2 3 0 3 4 3 3 
0 0 1 2 2 2 3 2 3 4 3 3 3 1 3 2 2 3 0 2 1 0 1 4 1 0 4 4 3 2 4 4 3 3 4 3 4 0 4 4 3 0 0 4 0 1 2 3 1 0 1 3 0 3 2 0 1 4 1 4 4 4 3 3 1 1 0 0 4 4 0 1 1 2 2 3 0 3 4 3 2 0 3 3 2 4 2 2 3 0 2 0 1 2 2 1 1 1 1 3 4 1 1 0 4 4 0 3 1 1 2 0 1 1 4 3 1 0 3 3 2 4 1 3 3 4 0 4 4 3 3 1 1 0 3 3 0 4 2 4 3 1 1 2 0 0 0 1 0 2 1 4 
4 2 3 4 0 3 2 0 4 0 0 2 3 0 1 1 1 3 4 2 1 1 2 0 4 1 4 2 4 2 3 0 3 0 4 1 0 1 4 2 0 4 0 0 4 1 4 4 2 4 4 2 2 4 2 4 1 2 2 3 3 2 2 4 0 1 2 4 1 1 2 1 4 1 1 2 2 0 3 1 3 1 0 1 1 0 4 1 1 2 1 1 4 3 1 2 0 3 4 2 4 2 0 2 4 3 1 2 3 4 3 2 4 1 3 0 3 2 4 2 2 2 2 4 2 4 3 3 3 1 0 0 3 0 0 2 2 1 2 2 2 1 0 4 3 3 0 4 0 1 4 1 
1 4 1 2 1 1 3 3 2 1 0 0 0 4 0 2 2 1 0 2 1 3 2 4 2 4 2 0 1 1 1 1 4 1 0 3 1 0 0 0 2 2 0 2 2 1 0 0 4 3 2 3 2 3 0 4 1 1 1 4 1 2 0 2 2 0 4 4 2 2 3 4 2 3 3 1 1 4 2 0 3 3 4 1 2 1 3 3 0 0 3 3 3 1 2 1 0 4 3 4 1 1 2 4 3 1 4 1 1 4 0 0 4 3 1 3 3 0 4 3 0 2 2 2 2 3 3 1 2 0 2 1 4 0 3 3 0 3 4 2 1 1 4 1 4 4 2 1 0 3 0 4 
0 0 4 0 3 2 1 4 2 2 2 4 3 1 3 2 0 3 4 3 0 4 4 3 3 4 3 2 1 4 4 0 1 3 4 1 2 0 0 0 1 4 4 0 1 0 3 3 2 1 2 4 4 3 3 3 1 2 2 1 3 0 4 3 3 2 3 4 2 0 3 1 2 1 0 2 3 1 2 2 4 1 4 1 0 1 4 4 4 3 1 2 2 0 3 1 0 2 1 4 3 1 4 1 0 2 4 3 4 2 2 2 1 2 2 4 0 1 2 3 1 0 2 0 0 4 1 3 1 4 4 4 4 0 0 3 1 0 2 2 2 2 4 0 0 4 1 1 1 3 1 0 
1 3 3 1 3 4 1 1 4 1 0 0 1 2 2 4 2 4 4 3 3 1 3 1 2 3 3 1 0 1 0 3 4 4 2 0 4 0 2 4 3 1 2 2 1 1 0 4 2 1 2 3 0 1 2 1 2 4 3 1 3 0 0 4 4 0 2 2 2 2 4 3 4 0 0 1 0 0 4 1 0 1 4 4 3 1 2 0 0 0 0 0 0 4 3 4 2 3 3 1 3 2 1 3 4 1 3 2 0 0 1 0 0 2 3 4 2 3 1 0 2 3 0 0 1 1 4 4 3 0 1 1 2 2 1 1 0 0 4 0 4 1 2 0 2 3 0 3 4 4 2 4 
3 4 0 2 1 0 2 1 2 4 1 2 0 2 1 3 1 1 3 3 4 4 0 4 2 4 0 1 4 2 1 4 2 2 1 1 2 3 3 0 0 1 1 2 3 2 2 4 3 3 0 4 4 3 2 1 3 1 2 3 1 1 0 2 1 4 2 0 4 1 3 1 0 1 3 0 2 4 4 1 3 2 4 4 1 1 3 0 3 4 3 2 2 0 4 1 4 2 1 2 2 0 4 0 4 3 3 2 4 2 2 2 1 0 4 2 0 3 0 4 1 1 0 4 2 0 3 0 4 2 0 2 1 2 0 0 1 4 3 2 0 0 3 4 3 4 3 0 0 2 1 4 
4 4 1 2 2 4 1 3 4 0 4 4 2 2 0 1 4 1 4 3 1 1 1 4 1 2 4 0 2 2 4 0 1 3 2 2 3 2 4 0 0 0 1 3 2 3 3 1 2 0 1 0 4 2 4 1 0 0 0 1 3 3 2 2 1 3 1 1 1 1 4 0 0 2 4 3 0 4 1 1 3 2 0 0 0 1 2 4 2 1 3 0 0 4 0 2 0 3 3 1 1 4 3 4 3 2 0 1 1 1 1 0 3 4 1 2 0 2 1 4 1 2 1 1 4 0 3 0 0 3 4 2 4 0 3 4 1 3 2 1 1 4 1 0 1 2 2 3 3 3 3 4 
0 2 0 3 3 0 1 3 0 1 1 0 3 1 0 2 0 1 1 1 0 4 2 3 2 0 3 4 3 2 0 1 0 3 4 0 3 4 2 2 1 3 4 4 2 3 3 1 0 4 4 1 0 4 2 1 2 4 1 0 1 4 4 1 2 3 1 4 0 1 2 1 3 2 2 1 1 0 4 0 4 0 0 1 0 3 2 2 1 2 0 3 4 4 3 0 0 1 0 2 2 4 0 2 0 0 0 3 3 3 2 4 3 0 3 1 0 2 2 3 0 0 1 0 4 3 3 1 4 0 2 0 3 2 3 2 1 2 2 1 1 0 0 3 4 4 4 3 1 3 0 2 
2 4 4 2 1 1 0 3 4 4 3 3 4 4 3 3 1 1 1 1 1 3 4 0 4 0 4 2 3 2 1 2 4 3 2 2 4 2 0 4 1 2 4 1 1 3 2 4 3 0 4 3 1 1 0 1 3 4 0 2 1 0 4 0 3 4 2 1 2 1 4 3 2 0 1 2 1 4 4 1 3 0 1 1 0 0 0 1 2 0 3 2 0 2 0 3 1 0 0 4 2 1 2 3 2 2 2 4 1 0 4 1 4 1 3 3 1 1 1 2 4 0 3 0 1 1 1 3 0 2 3 0 1 2 0 3 0 3 4 0 4 1 2 2 0 1 1 3 4 1 3 1 
1 3 4 0 4 0 0 0 1 1 1 2 4 4 0 2 3 4 4 3 0 4 2 4 1 2 1 4 1 1 2 4 1 0 2 0 1 2 2 4 3 1 4 2 3 0 3 3 1 3 3 3 4 2 4 1 3 3 0 3 1 0 0 4 1 2 0 4 1 1 2 3 2 2 0 3 4 4 1 1 3 4 2 1 1 3 3 3 1 3 2 1 0 1 0 1 0 2 3 0 1 1 0 4 2 4 2 4 2 4 1 1 4 1 2 3 3 4 3 1 3 4 0 3 0 2 3 0 1 0 2 0 3 4 0 0 0 4 4 3 1 3 1 2 4 1 4 1 4 0 4 2 
2 2 4 0 3 4 3 2 3 3 4 3 4 4 0 0 3 4 4 3 3 2 1 4 3 3 1 3 3 3 2 4 2 4 1 1 1 4 2 0 0 4 3 2 4 4 0 3 1 0 1 2 4 1 0 0 0 4 1 3 2 2 0 1 2 1 4 1 1 3 2 1 3 3 1 3 0 4 4 2 0 4 0 2 1 0 4 2 4 2 3 1 1 1 4 2 2 4 2 1 3 3 3 2 0 1 2 0 0 4 2 0 4 3 4 1 0 3 0 0 4 3 1 2 0 2 3 0 3 2 1 4 2 0 4 1 2 2 4 2 1 4 1 4 1 0 1 4 3 1 3 0 
1 1 4 0 3 1 4 4 3 0 4 4 4 4 0 3 3 0 2 2 0 4 0 0 3 2 1 3 0 4 4 2 4 4 2 3 0 0 0 0 3 1 3 1 0 2 0 3 2 3 1 1 0 0 0 0 1 1 3 3 2 2 4 0 0 4 0 3 0 1 3 2 0 3 1 2 2 2 4 0 4 3 3 3 0 1 2 4 4 2 0 3 0 2 2 0 3 3 3 2 2 3 1 4 1 2 0 2 3 3 3 3 2 3 1 2 3 1 0 2 0 0 0 0 1 0 0 0 0 4 3 1 0 1 3 1 3 1 0 1 1 3 2 0 2 3 0 0 4 3 4 1 
2 4 1 2 2 1 2 2 1 3 4 4 2 1 0 3 0 2 4 4 4 4 0 0 4 3 4 2 1 0 3 1 2 0 2 0 3 4 1 4 2 4 1 1 0 1 4 0 1 1 2 0 2 0 0 1 3 2 4 4 2 3 3 3 0 4 0 4 0 3 0 2 2 2 0 0 3 2 0 4 4 3 2 3 4 2 1 3 3 2 2 0 1 2 0 4 2 0 1 1 4 3 0 0 3 1 1 4 3 0 3 2 3 2 1 2 3 1 3 3 0 0 0 4 0 3 2 3 1 3 3 3 3 3 3 0 2 1 2 3 1 2 2 0 4 4 1 0 0 4 2 0 
2 3 2 1 4 0 2 3 1 0 3 1 3 0 4 1 3 4 0 1 1 0 2 1 0 1 4 3 4 0 2 3 4 4 1 4 0 2 1 0 4 4 2 2 2 3 1 0 2 4 4 3 1 3 4 3 0 1 3 4 0 3 0 2 3 2 3 4 3 3 4 3 2 2 2 3 2 1 3 2 4 2 4 3 0 0 2 2 4 3 1 4 3 4 4 2 0 2 0 0 4 4 3 4 2 0 2 3 1 2 3 1 1 0 1 1 3 1 1 3 0 1 4 0 2 2 2 2 1 0 1 3 1 0 2 0 2 1 0 1 1 0 3 2 1 3 3 3 0 4 0 3 
3 1 1 4 0 3 4 1 3 3 4 2 3 1 4 2 4 4 3 1 0 2 1 4 2 2 1 1 1 4 1 2 1 3 4 0 4 4 1 2 0 0 2 4 4 0 2 0 4 2 1 1 1 0 3 3 2 4 2 1 0 2 3 4 2 1 0 1 2 4 3 3 2 3 0 4 0 3 2 3 3 0 0 2 4 2 0 2 0 0 0 2 2 0 2 2 3 2 0 1 0 4 2 3 1 4 1 0 3 2 4 0 0 2 2 3 0 4 1 0 1 2 4 4 3 2 0 0 3 4 4 4 3 0 1 4 1 4 0 1 1 3 2 0 2 1 3 4 1 3 1 2 
4 2 1 1 2 4 2 3 4 0 0 3 4 1 1 1 3 3 3 4 4 2 4 2 4 0 1 2 1 1 2 1 2 4 4 4 3 0 2 2 1 2 2 3 4 0 2 3 2 3 0 3 2 0 2 3 3 3 1 4 0 0 3 2 1 3 1 0 2 4 4 2 1 4 4 1 4 0 1 0 1 3 1 4 2 1 0 2 3 2 2 1 4 0 2 3 2 4 0 1 3 0 2 1 4 4 4 3 0 3 4 2 1 2 1 4 1 3 0 0 4 4 1 3 1 1 0 4 4 4 2 0 4 3 3 4 1 4 4 3 2 4 0 0 0 3 2 2 3 4 4 4 
2 4 2 1 3 2 0 2 3 4 4 3 1 3 2 0 3 3 4 3 3 3 3 0 1 4 1 4 4 0 0 1 4 0 2 3 4 4 4 1 2 0 0 1 4 4 4 2 1 4 2 1 2 1 1 0 4 2 3 4 0 4 0 0 2 0 4 4 2 3 0 4 4 1 1 4 4 2 1 0 1 0 2 1 0 2 3 4 1 1 0 2 3 4 3 1 2 4 2 1 3 0 4 2 4 2 3 0 4 0 0 1 1 2 3 0 4 3 1 2 4 3 2 4 0 0 0 2 4 0 0 4 3 1 1 0 2 4 4 4 3 0 3 1 0 4 3 2 0 4 4 3 
3 1 3 0 1 2 4 2 0 4 1 0 2 0 1 4 1 3 3 2 0 2 1 1 1 4 2 1 3 3 2 3 2 2 1 1 4 0 2 4 3 3 3 3 3 3 2 4 0 0 2 0 0 4 0 1 0 2 3 2 3 2 4 4 1 4 0 4 4 0 1 1 4 1 0 1 4 1 4 3 0 4 0 0 1 0 0 4 1 1 0 4 2 4 4 1 4 4 4 4 3 0 3 1 2 3 2 3 2 3 3 2 0 2 2 2 4 0 2 4 0 1 0 4 3 2 3 1 2 0 4 0 1 3 0 1 1 3 4 2 2 0 4 0 4 1 3 1 4 3 4 3 
0 4 4 2 0 2 0 4 1 0 2 0 1 2 1 2 3 1 2 0 2 3 0 4 3 2 4 1 2 3 3 3 3 2 3 4 4 0 3 1 1 0 1 2 2 3 0 2 2 4 3 3 4 3 0 3 0 4 2 3 2 4 1 3 2 2 2 4 2 2 0 3 1 0 4 2 0 3 4 4 0 4 0 1 1 1 2 1 3 3 4 4 2 1 3 3 4 4 4 2 1 0 2 3 3 2 2 0 2 3 3 2 3 4 0 0 0 4 4 2 1 4 3 4 4 4 0 2 0 0 2 4 4 4 3 1 0 3 0 3 4 0 3 4 3 2 0 2 2 3 3 3 
1 1 2 2 1 0 4 0 4 0 3 3 0 4 4 4 3 3 3 2 1 2 1 1 1 1 1 1 0 4 2 0 4 3 3 3 3 1 3 4 1 0 2 2 3 2 4 4 3 4 1 3 3 4 3 4 3 1 2 1 1 1 4 4 2 3 4 4 1 3 4 2 2 4 0 3 4 4 2 0 0 1 3 2 3 3 0 1 1 1 3 1 0 3 0 0 3 1 4 1 3 3 0 0 4 0 2 0 3 1 3 0 0 1 0 4 2 1 4 1 2 4 2 4 2 2 1 2 2 0 2 1 1 2 1 0 3 4 1 2 1 4 4 1 0 0 0 2 1 0 4 2 
2 2 1 0 1 2 2 4 4 4 1 4 2 2 1 2 2 1 3 4 0 0 2 3 3 2 2 0 2 3 4 0 2 4 0 3 4 1 0 0 2 4 3 0 1 2 0 0 2 0 0 4 2 3 0 1 0 1 4 0 2 1 4 1 0 4 0 4 1 1 2 3 3 0 2 0 2 1 4 0 4 0 4 1 2 4 4 1 2 3 4 1 0 0 3 2 2 0 2 3 4 3 2 4 2 4 0 4 0 1 0 4 0 2 0 0 0 1 0 2 1 3 4 0 2 1 0 0 1 4 2 3 4 0 1 2 2 4 3 2 1 4 3 4 0 3 0 1 2 4 4 2 
4 3 2 0 0 4 2 3 4 4 2 3 0 1 1 1 0 0 1 1 3 3 4 4 2 4 2 4 1 3 4 0 2 3 2 3 2 3 3 2 4 4 3 1 2 4 2 1 4 0 4 4 4 1 2 3 4 1 0 1 3 4 1 3 4 0 2 1 3 4 0 3 3 1 4 2 0 1 1 1 4 2 1 3 3 2 0 0 4 0 4 1 1 3 1 0 0 1 1 4 0 4 1 3 4 3 0 0 3 1 2 3 1 2 3 1 4 0 4 1 3 0 0 0 3 2 2 3 1 0 4 3 1 1 1 0 2 3 1 2 2 0 4 1 3 3 1 1 3 4 2 1 
2 2 2 0 1 1 1 1 3 4 4 1 0 4 3 3 0 4 2 1 1 3 3 0 0 4 4 4 4 0 2 3 0 2 3 0 0 4 3 4 2 2 0 4 0 3 2 0 3 1 4 2 0 4 4 1 3 2 0 0 0 1 0 1 1 4 3 0 3 2 1 4 1 4 0 0 2 0 2 3 3 4 0 2 3 0 4 0 0 0 0 3 2 0 3 0 3 4 0 4 0 2 4 0 4 4 1 3 3 1 0 3 2 1 4 4 1 1 2 3 2 0 0 3 0 1 4 1 3 0 0 3 3 3 0 0 3 4 4 4 4 4 3 2 2 2 1 2 0 4 0 1 
1 2 3 1 4 2 3 3 1 4 4 3 4 1 1 0 1 3 0 4 3 1 1 3 2 3 2 1 0 2 2 0 2 4 4 0 1 1 3 2 2 2 2 3 0 1 3 2 3 4 2 2 0 2 1 0 3 3 1 3 2 0 1 4 0 3 2 0 2 4 0 0 2 4 3 4 2 0 2 2 1 1 4 3 4 2 3 1 3 4 4 2 3 4 3 1 0 4 2 1 1 3 1 0 2 4 0 3 2 2 0 3 4 0 0 3 1 1 2 3 0 3 3 0 3 2 1 1 4 2 2 2 3 3 1 2 3 4 0 2 2 0 3 0 4 0 3 4 1 1 3 2 
2 3 1 2 4 2 1 1 4 0 3 2 4 4 4 3 3 0 2 3 2 3 1 2 4 3 3 0 0 0 3 0 3 3 3 1 3 0 0 4 4 4 1 1 0 2 3 2 1 0 1 4 0 3 4 2 1 2 2 4 3 3 4 2 0 0 1 2 1 4 1 2 1 0 3 4 1 2 3 3 1 0 1 0 3 1 1 1 2 1 3 1 3 0 1 1 2 0 0 2 3 3 0 2 4 0 3 2 3 4 1 3 0 2 2 2 0 1 3 3 1 4 0 4 0 1 1 1 2 4 3 4 2 0 3 0 2 4 2 2 3 4 4 1 0 3 1 1 1 0 1 3 
2 1 0 3 3 1 1 2 2 0 0 0 4 3 2 1 1 2 1 2 3 3 2 0 2 4 2 2 1 2 2 0 1 1 2 0 0 2 0 4 1 3 0 2 1 1 3 2 4 1 3 0 0 0 3 1 1 3 1 3 0 2 1 2 4 4 2 3 2 3 4 2 1 3 4 1 0 0 2 2 4 4 1 0 1 3 1 4 3 4 0 1 4 4 1 1 2 4 1 0 2 2 0 4 0 0 3 0 0 2 0 0 4 3 3 3 4 4 1 2 1 3 1 1 3 4 4 4 0 4 4 1 1 0 2 4 4 0 0 4 3 0 4 1 3 1 2 3 4 0 1 0 
3 0 3 3 0 3 3 1 1 2 4 1 2 2 1 3 2 4 3 2 0 3 1 2 1 0 1 4 4 0 1 0 2 2 1 4 0 1 2 0 3 1 4 0 4 4 2 0 4 3 2 3 3 4 3 4 0 2 1 4 3 2 4 1 0 3 4 0 4 3 1 0 4 1 0 3 2 1 2 4 3 1 0 4 2 3 1 3 0 4 1 1 3 0 0 4 2 1 0 2 2 1 3 1 3 2 1 3 4 1 3 1 0 0 2 3 1 3 0 2 2 3 2 3 0 4 4 2 4 0 0 4 4 0 4 2 2 3 3 3 4 2 3 1 3 1 2 2 1 2 3 2 
4 2 3 0 4 4 4 4 0 3 2 4 2 2 3 4 0 0 0 4 2 0 1 3 4 3 4 4 2 1 0 2 3 2 0 1 3 1 2 1 3 4 4 3 4 0 1 0 2 2 1 3 1 2 2 2 4 0 0 0 4 2 3 2 0 1 2 3 1 2 1 1 2 0 3 4 0 3 3 3 3 0 1 3 4 4 2 2 3 4 4 2 1 0 4 4 4 0 2 2 0 3 0 4 2 0 0 0 1 3 2 3 2 1 3 0 3 0 0 2 1 3 0 3 0 1 1 3 1 4 3 0 3 2 2 4 4 1 4 1 0 4 1 3 3 1 2 1 0 0 0 3 
4 0 4 0 3 0 1 0 0 1 4 1 3 2 0 2 0 4 3 1 3 3 0 3 0 0 3 4 1 1 2 1 1 2 0 2 0 1 1 4 2 4 1 2 1 4 1 3 3 3 1 3 1 0 3 4 0 3 3 3 0 1 1 0 4 2 0 4 4 4 1 2 4 0 2 4 3 1 4 0 4 0 3 2 1 1 4 1 4 1 2 4 4 2 4 3 1 2 1 4 0 4 1 2 3 2 3 1 0 2 2 3 4 4 0 4 4 4 4 4 0 2 4 4 0 3 2 2 2 1 4 3 3 4 0 4 2 0 0 4 1 0 3 2 2 1 0 3 0 4 2 1 
1 0 2 0 4 0 0 3 2 2 4 3 3 4 3 2 4 0 1 0 3 2 3 4 3 3 2 1 1 1 4 0 0 4 3 1 3 3 2 4 3 1 0 4 1 3 2 2 1 1 1 1 3 4 4 1 2 3 3 0 4 0 1 2 1 3 3 2 1 1 2 3 3 4 0 1 4 1 3 2 3 4 3 1 3 0 1 3 3 2 4 2 4 4 2 2 3 3 3 2 3 3 1 0 1 1 3 2 1 4 1 3 1 0 0 1 1 3 3 0 2 2 3 2 2 2 1 4 2 0 1 4 1 3 4 1 3 2 4 1 1 0 1 4 0 2 0 4 0 4 1 1 
2 0 0 4 4 2 4 0 0 3 4 1 3 4 0 1 0 1 4 0 1 1 0 1 4 2 3 1 4 4 4 2 2 1 2 4 2 3 0 3 3 2 4 4 3 2 0 3 2 4 4 4 4 2 0 1 0 3 1 3 3 3 4 2 0 0 3 4 4 3 2 4 3 0 4 4 0 4 4 0 0 2 0 3 3 2 4 4 0 3 4 1 3 1 0 3 2 3 3 3 4 0 3 2 0 1 1 3 0 1 2 1 3 3 0 1 1 4 3 2 3 2 1 2 2 0 0 1 4 4 1 1 2 1 2 1 1 4 1 4 4 4 2 4 4 3 2 0 0 2 1 0 
0 2 3 0 2 2 4 1 4 4 3 0 3 2 2 2 0 1 1 1 4 3 1 4 4 4 0 3 2 4 4 0 1 4 0 3 1 1 0 4 1 0 2 2 3 1 4 4 1 3 2 4 0 3 3 2 2 4 0 1 0 4 3 4 3 2 2 4 1 3 2 2 3 4 4 4 4 2 3 3 4 1 2 4 4 1 4 3 3 2 4 1 4 4 2 4 4 4 4 1 2 0 4 3 1 0 3 2 2 3 1 0 1 4 3 3 2 3 1 3 4 0 2 2 1 4 1 1 3 4 4 2 1 2 1 3 2 0 3 4 0 1 4 3 1 2 0 3 0 1 2 4 
0 0 1 1 1 3 4 0 1 0 3 0 2 0 3 1 2 1 3 2 1 1 4 4 2 2 2 3 4 0 3 2 1 1 1 1 0 0 3 4 0 3 0 1 0 0 3 2 3 1 2 1 2 4 4 2 3 1 1 4 3 3 0 0 0 1 2 0 1 4 2 1 1 3 0 4 4 1 1 3 1 0 0 4 2 2 3 1 0 1 1 1 0 1 1 3 2 0 0 4 4 3 0 3 3 2 2 0 3 0 1 1 0 3 2 4 3 2 1 0 4 3 2 4 4 1 2 1 3 2 0 3 4 3 2 1 0 2 2 3 0 1 3 3 1 3 4 2 0 4 0 4 
0 2 1 3 2 1 3 1 1 4 1 3 3 1 4 1 1 4 3 2 0 0 2 1 4 2 1 2 1 3 3 0 1 1 1 4 2 1 0 4 4 1 0 3 1 4 2 3 0 3 0 3 4 3 0 3 3 0 2 4 4 1 4 0 2 4 4 0 3 0 0 3 0 4 2 4 3 4 0 4 4 2 3 2 4 1 2 3 0 3 2 1 1 4 4 1 1 1 2 3 4 3 4 0 1 2 3 4 4 2 3 3 2 3 2 1 4 0 2 1 0 1 4 4 2 2 2 0 0 2 4 0 3 3 2 3 1 0 1 0 3 1 4 0 2 3 3 3 2 0 3 3 
2 1 4 0 4 0 4 0 4 4 2 0 3 0 0 0 4 3 4 4 3 1 3 4 3 2 0 1 3 4 4 3 1 2 3 4 4 3 1 0 4 4 0 0 0 3 3 0 0 1 0 0 2 2 1 4 3 4 1 3 1 1 3 2 4 3 4 3 3 3 1 1 3 3 3 3 3 2 3 1 1 1 1 3 4 4 1 4 1 1 3 0 2 1 2 4 3 0 0 0 4 4 2 2 1 0 1 1 2 3 4 4 4 4 2 2 3 4 3 3 2 3 2 2 3 4 3 0 4 1 0 4 3 1 3 0 4 1 2 0 4 2 2 1 2 4 2 1 1 0 4 4 
1 4 0 0 2 4 0 4 3 0 0 0 0 3 0 3 0 3 0 0 0 1 3 0 3 0 2 1 2 2 0 0 2 2 4 4 0 3 2 0 2 3 1 2 4 0 4 0 1 3 1 1 2 0 3 2 4 3 0 4 2 0 2 2 2 2 0 4 4 1 3 1 2 3 4 0 4 3 3 0 2 2 2 1 3 3 1 1 2 4 1 3 0 3 3 1 3 2 1 0 3 4 3 1 2 0 2 1 0 3 4 1 1 3 3 4 4 0 3 2 2 1 1 2 3 0 2 0 4 2 3 4 0 4 4 3 4 1 0 0 3 1 1 0 2 3 3 2 0 3 0 0 
3 4 1 3 0 1 4 0 0 2 0 2 4 3 0 4 1 3 4 3 4 2 2 3 2 2 2 1 2 4 2 4 1 1 4 0 2 1 4 0 3 3 4 2 2 4 4 0 3 1 2 3 3 2 2 4 0 4 4 2 1 2 1 1 2 2 2 0 1 2 1 1 0 1 3 1 1 0 0 4 3 4 1 2 1 2 4 2 4 2 3 1 2 0 1 1 3 1 1 0 4 2 1 1 1 1 3 4 4 3 4 3 1 1 4 4 1 2 3 0 4 1 1 1 1 4 3 3 0 3 1 4 0 1 4 3 4 0 2 0 1 3 4 1 1 3 2 3 2 3 3 1 
1 4 4 2 0 2 4 2 0 4 1 2 1 2 1 4 2 2 0 4 1 0 3 2 2 2 3 0 3 2 2 0 0 1 3 0 4 3 0 0 4 0 3 4 0 4 3 1 2 1 3 2 3 0 2 3 3 4 0 4 3 0 0 2 1 2 4 4 0 3 0 4 4 3 1 4 1 3 1 3 4 2 3 1 0 4 0 3 1 4 2 4 4 1 1 4 4 2 0 0 4 4 2 4 2 1 1 3 1 1 4 0 2 2 2 0 0 2 3 1 3 2 2 2 2 2 4 0 3 3 0 2 4 0 3 1 0 0 1 3 3 2 2 4 1 0 4 1 0 4 3 3 
1 3 1 3 3 0 2 1 2 4 2 0 0 0 2 2 3 1 1 1 1 0 1 0 1 4 1 4 3 2 4 2 4 1 0 4 0 0 4 3 0 0 1 0 3 4 3 0 0 1 2 1 1 4 2 3 1 0 3 0 2 1 3 2 3 1 3 2 0 2 1 3 1 2 2 0 2 0 1 0 4 4 1 3 0 2 0 3 2 0 0 1 3 0 1 0 0 2 3 3 2 2 4 3 1 4 0 0 4 1 4 1 2 3 0 0 2 3 4 1 4 3 1 1 2 0 4 4 3 4 0 3 0 2 0 4 2 1 4 3 4 2 0 2 1 1 4 0 1 3 2 0 
2 3 4 2 4 2 0 1 2 4 2 2 1 3 2 0 1 3 0 2 1 1 0 4 3 0 0 3 0 3 2 4 2 2 4 0 3 3 4 2 1 2 0 0 4 0 0 0 0 0 0 0 4 3 1 2 0 2 0 4 3 3 0 0 1 0 2 2 1 2 2 4 0 2 2 2 4 3 4 1 0 3 0 1 0 1 2 4 4 4 4 0 1 0 1 4 1 0 2 1 0 3 1 0 4 4 0 2 0 3 3 3 1 0 3 1 3 0 2 2 4 0 0 2 1 3 3 2 1 4 1 0 4 4 1 2 4 2 0 2 2 1 3 2 0 2 0 0 1 2 2 2 
4 3 0 0 0 0 0 3 0 2 2 4 1 2 0 3 0 3 0 2 4 3 2 0 1 3 4 4 2 0 1 0 0 2 2 3 1 4 1 2 3 4 0 1 2 1 4 2 0 3 1 4 1 4 3 2 2 2 0 0 3 3 0 4 2 0 2 1 4 2 0 2 0 0 2 4 1 2 3 3 0 4 4 2 3 4 3 3 1 1 4 1 2 3 0 4 1 0 3 1 3 0 4 0 3 1 0 2 3 1 3 3 1 4 2 1 1 3 3 3 1 2 0 2 0 1 3 3 4 4 4 4 4 3 0 3 3 1 4 1 3 1 3 2 0 3 0 3 0 1 0 1 
2 0 1 1 2 4 2 4 2 3 1 2 2 2 2 0 0 0 1 0 2 4 1 3 2 2 2 4 4 4 1 0 2 3 0 1 0 1 3 4 4 1 2 0 0 0 0 2 3 4 1 1 0 0 2 3 2 4 2 4 3 2 2 2 4 1 1 0 1 2 1 4 0 1 3 3 3 1 0 1 0 2 3 2 4 1 3 1 0 4 2 1 1 4 3 0 2 1 0 1 3 4 1 3 2 2 3 2 2 4 0 2 0 4 0 3 1 0 0 4 2 0 4 1 2 4 1 4 4 0 2 2 3 1 4 3 4 0 0 0 0 2 3 4 2 0 2 3 1 0 1 3 
0 4 1 3 4 3 3 2 1 2 4 0 2 4 3 0 4 2 3 0 3 0 3 3 3 1 1 3 3 2 2 0 0 0 3 0 0 0 0 2 2 2 0 4 4 4 4 1 3 1 4 1 2 0 1 3 0 0 0 2 4 2 0 4 1 2 4 2 4 4 4 2 0 4 3 2 3 2 3 4 4 1 2 2 3 2 1 3 2 2 3 0 4 0 1 0 2 0 3 3 3 0 4 0 1 2 2 3 2 2 4 3 4 3 1 3 0 0 1 2 3 2 0 4 0 0 4 3 0 0 1 3 2 4 4 2 1 1 4 2 0 1 0 3 0 0 1 1 2 4 1 0 
4 0 2 4 3 2 0 1 2 3 4 1 3 3 2 1 1 3 3 1 4 0 2 0 1 1 3 1 0 2 4 0 2 4 2 0 3 4 2 1 2 0 4 3 4 0 4 3 2 0 4 0 1 0 1 0 0 4 3 3 3 0 2 2 3 3 2 3 2 2 3 2 0 0 0 2 0 3 0 0 1 0 3 0 4 4 1 1 1 4 3 0 4 3 4 1 0 4 1 2 0 0 4 4 3 2 0 4 2 4 1 0 2 3 4 2 2 0 1 4 3 1 2 3 1 0 2 4 3 1 4 4 4 2 0 2 4 3 0 4 3 2 4 3 0 1 2 1 2 2 2 2 
4 4 4 3 3 4 3 3 1 3 1 1 1 4 3 2 2 1 4 4 0 0 2 1 3 4 2 4 3 1 4 4 0 1 2 0 1 0 1 0 4 3 0 3 2 3 3 0 4 2 2 4 4 1 0 2 3 2 0 1 1 1 2 3 3 3 2 1 2 0 3 4 1 1 0 4 2 1 1 2 4 2 2 0 4 2 1 2 2 2 0 4 4 2 0 2 1 4 0 1 4 1 1 0 3 2 3 4 4 2 0 1 3 1 0 1 2 0 4 3 1 0 0 1 1 3 4 4 1 3 0 0 0 0 3 0 1 0 1 4 4 4 0 0 4 2 3 0 0 1 1 2 
1 2 3 1 4 0 1 3 2 0 0 1 2 1 1 4 2 2 2 1 0 1 3 0 0 4 2 2 0 3 2 4 3 2 2 4 4 4 4 1 4 3 2 3 0 4 0 4 2 4 3 4 4 4 2 4 4 1 3 1 2 3 2 1 0 3 0 1 3 0 3 3 2 1 2 0 0 2 1 3 0 3 0 4 4 3 0 3 2 1 2 1 1 1 0 0 2 1 4 2 3 1 2 3 3 2 4 2 0 3 3 3 0 2 0 2 0 1 2 1 4 1 3 3 4 3 2 1 1 2 1 4 0 4 4 2 2 1 0 0 0 1 2 2 2 0 1 2 4 4 1 0 
4 4 4 2 3 0 3 0 2 1 1 3 0 2 2 0 4 0 3 3 1 3 4 0 2 0 1 2 4 0 0 4 4 2 0 2 4 2 3 0 3 3 4 0 2 2 0 0 1 2 3 1 0 3 2 1 1 3 1 0 0 1 2 1 2 3 4 3 4 0 3 2 2 2 4 0 3 4 1 2 3 3 2 0 0 1 1 2 4 2 0 2 0 2 3 0 2 4 3 2 1 3 4 2 0 3 2 0 2 1 1 3 1 2 4 3 3 1 3 3 1 4 1 4 3 0 1 2 1 1 4 1 1 2 4 3 3 3 2 2 0 1 3 2 1 2 3 2 2 0 1 3 
1 1 1 2 4 3 2 2 3 1 0 0 4 4 3 4 3 2 2 0 3 0 1 0 0 4 3 4 2 4 0 3 3 0 1 2 3 1 0 1 1 2 0 2 2 3 3 0 4 2 0 0 3 1 0 0 2 2 3 3 1 0 3 0 2 1 2 0 1 0 1 2 0 2 1 1 2 1 3 2 2 3 1 0 1 0 2 0 1 2 1 3 3 1 0 1 4 2 1 1 1 0 1 1 4 1 1 2 2 4 1 2 2 4 3 0 3 2 4 3 4 2 2 0 2 3 2 0 4 4 1 0 2 1 2 4 2 1 4 4 2 0 1 4 3 0 3 1 0 0 3 2 
1 1 4 4 2 2 4 4 0 3 1 1 0 2 0 4 2 3 4 3 2 0 2 0 1 1 1 4 0 2 0 4 4 3 1 3 2 1 2 2 2 4 1 0 2 2 3 0 3 1 2 4 0 4 1 1 0 2 1 0 4 3 1 3 3 3 1 0 2 2 3 3 0 1 0 1 3 4 4 2 3 1 4 1 0 4 4 0 1 1 0 0 1 1 1 2 4 3 2 4 4 2 2 0 3 2 1 1 2 0 0 2 1 0 1 3 3 1 4 2 4 3 4 1 0 3 0 3 3 0 3 4 4 0 1 2 0 1 1 3 1 1 0 2 3 3 2 0 3 0 2 4 
3 2 0 2 4 2 0 2 0 0 0 4 3 0 2 3 1 2 1 0 1 2 4 4 2 4 4 1 4 2 3 4 2 1 0 1 4 4 2 2 0 2 1 0 1 2 4 4 0 4 1 0 2 2 2 4 1 1 3 3 0 4 3 3 1 1 3 2 4 1 3 0 4 4 3 2 2 0 2 1 0 1 2 2 3 2 1 1 1 1 1 0 0 1 2 1 3 3 0 3 1 0 0 2 3 0 2 4 3 1 0 3 0 2 3 2 3 1 2 4 4 2 1 3 1 3 0 3 0 2 1 3 1 0 1 3 0 0 0 0 0 4 4 1 2 1 2 4 1 2 0 0 
4 1 4 2 2 3 3 0 3 3 1 1 4 1 3 3 1 1 1 2 4 3 4 4 3 3 0 4 0 2 2 0 0 4 1 4 2 1 2 3 2 4 0 4 1 4 1 4 4 4 0 2 1 2 0 2 3 2 1 4 0 2 2 0 1 1 0 1 2 3 3 1 4 3 1 0 2 2 2 2 1 4 3 4 4 3 3 1 3 4 2 0 3 4 0 3 3 4 0 2 1 2 3 3 0 0 4 0 2 2 4 2 4 3 2 1 1 0 1 3 4 3 3 0 2 2 1 4 4 0 0 2 1 2 2 0 2 0 0 0 0 3 0 0 4 4 0 1 2 4 0 4 
3 1 3 4 0 0 0 1 4 4 2 3 2 3 0 3 0 1 4 4 2 2 3 1 1 3 0 1 1 3 3 4 1 0 2 1 3 1 0 0 2 4 4 0 1 3 1 2 1 2 3 4 3 0 1 3 2 0 3 1 1 2 2 1 1 2 0 3 1 1 1 4 3 1 3 0 2 0 0 0 3 4 0 1 1 1 4 2 2 0 1 1 0 0 2 4 3 3 1 0 4 4 0 2 2 4 3 2 3 3 0 4 3 1 0 1 2 1 2 1 3 3 2 0 2 0 0 2 3 4 1 2 4 0 3 2 3 2 2 1 4 0 4 1 0 4 2 4 2 0 1 1 
2 4 0 1 3 3 1 0 4 3 4 2 1 2 1 4 4 3 3 3 4 0 2 0 0 1 4 1 4 4 3 2 1 0 1 4 1 2 4 2 4 2 1 2 3 0 0 2 1 2 0 1 1 3 2 4 0 4 3 1 0 1 2 0 3 3 4 3 3 1 0 0 4 0 1 2 0 3 4 1 4 4 0 4 4 0 2 3 0 0 0 3 3 2 0 0 3 0 1 1 4 1 3 4 1 0 2 4 4 4 0 0 4 4 3 2 2 4 2 1 2 0 0 0 1 4 3 1 3 0 2 4 3 1 3 3 2 0 3 4 2 1 2 2 2 1 0 0 0 2 1 0 
0 3 4 2 3 2 3 0 4 0 2 1 4 1 1 1 0 2 3 2 3 2 1 3 2 2 3 2 2 3 4 2 2 4 3 1 2 1 0 3 4 3 4 2 0 3 1 0 0 4 0 3 2 4 1 3 2 4 0 4 0 2 2 3 4 4 2 3 1 2 1 0 1 1 3 2 4 2 2 1 1 4 2 3 3 4 3 2 0 1 4 1 3 2 2 2 4 2 3 1 2 1 2 3 1 0 4 2 4 2 1 2 3 0 2 0 1 4 0 1 1 4 2 4 2 0 4 4 0 3 0 2 3 4 3 1 1 0 0 1 4 4 4 0 4 2 0 0 4 4 4 0 
0 0 2 0 3 1 0 4 2 4 4 0 4 3 2 1 3 3 2 1 1 3 1 1 2 0 4 4 0 0 1 4 4 1 1 3 2 0 1 1 1 4 4 2 4 0 3 4 1 2 0 4 2 1 0 3 0 1 2 0 2 2 0 2 4 4 0 4 3 0 3 1 1 1 3 3 4 0 2 2 0 0 1 1 1 3 0 0 3 3 4 1 4 0 1 0 0 3 0 4 4 1 1 3 1 1 4 1 2 0 1 4 1 0 4 1 3 0 3 1 1 3 4 1 3 1 2 1 2 1 4 0 1 3 1 2 4 1 1 2 2 0 2 4 1 1 1 3 4 4 2 3 
4 4 3 2 1 1 4 4 3 4 4 0 4 3 2 2 0 1 0 3 0 4 1 3 1 4 3 1 2 0 3 3 0 4 4 1 0 4 0 3 1 2 3 0 0 2 3 2 4 0 4 2 2 0 1 3 1 3 0 2 3 3 4 4 2 4 0 1 4 1 1 1 0 4 3 4 3 2 1 3 1 3 4 3 1 4 2 0 0 1 4 2 1 2 1 0 1 2 0 2 3 0 4 4 0 2 3 2 1 4 3 4 2 0 2 2 4 1 0 4 0 2 2 0 0 3 1 4 2 1 1 3 0 4 0 1 3 3 2 1 0 1 0 0 1 1 0 1 1 4 1 1 
2 3 3 1 2 2 1 1 2 2 4 3 3 4 3 1 3 4 2 2 1 1 2 4 2 0 4 0 3 2 2 2 0 1 0 1 4 3 2 2 4 3 4 3 3 4 2 1 0 2 3 0 0 3 0 2 3 1 0 2 0 1 2 3 2 4 1 3 3 0 0 1 0 3 0 4 4 2 3 0 3 3 4 3 4 1 1 3 2 2 2 0 1 4 3 4 4 0 3 1 2 1 4 2 0 2 4 1 1 0 2 2 0 2 1 1 0 3 4 3 1 1 0 0 3 1 1 2 3 1 4 2 1 2 0 4 3 0 0 4 3 1 2 0 1 1 2 0 0 4 4 4 
0 0 1 0 1 3 0 0 3 3 0 3 2 1 2 3 3 0 1 1 4 3 2 2 0 4 2 0 4 3 4 3 3 2 3 0 3 1 0 3 1 4 1 2 1 3 2 0 0 3 0 4 1 2 1 3 1 4 3 4 3 2 3 2 3 3 4 3 3 3 3 0 3 3 3 2 3 4 2 3 4 3 0 2 0 4 2 0 3 0 0 2 1 2 3 1 3 3 2 1 3 2 3 1 2 2 0 2 3 3 0 0 0 1 2 4 4 2 0 3 0 0 0 3 2 3 2 4 2 4 1 1 4 4 2 0 0 1 2 4 1 2 0 0 0 1 2 3 0 2 4 1 
0 2 2 2 0 4 4 2 3 1 4 1 2 3 3 3 4 1 3 3 0 3 0 4 3 3 1 1 3 2 4 0 0 0 3 4 1 3 0 3 0 1 1 2 4 0 3 2 2 3 4 1 2 2 4 3 2 1 2 2 1 4 3 1 4 2 2 3 2 1 2 4 1 2 4 3 0 3 1 3 2 0 4 0 2 3 4 3 2 4 3 2 2 4 3 2 4 0 4 4 2 1 4 1 0 4 4 1 1 1 4 4 0 1 3 4 2 4 3 2 4 2 4 2 0 2 2 3 4 0 3 0 3 2 3 3 2 2 0 0 2 1 4 1 4 2 1 3 1 0 0 1 
0 2 3 4 3 2 1 4 2 2 0 1 1 0 3 1 1 2 3 0 3 3 4 3 3 2 0 4 1 2 1 4 2 3 1 0 2 2 4 1 3 2 0 4 3 1 3 1 2 0 2 4 0 3 4 3 3 4 3 3 3 1 2 2 4 2 4 3 3 2 0 1 0 1 0 2 1 4 3 2 2 2 0 4 2 2 4 0 2 0 2 4 4 1 1 1 1 1 2 1 3 0 3 4 3 4 3 2 3 0 3 4 4 2 3 1 2 1 3 4 4 1 4 4 1 3 3 3 0 1 4 4 0 1 1 2 0 2 0 4 4 0 1 0 2 4 3 4 1 4 4 4 
4 3 3 3 3 2 4 2 2 1 2 3 0 3 1 2 0 1 3 4 3 3 2 4 4 0 4 1 4 2 2 2 1 1 0 2 3 0 4 4 3 4 1 2 3 2 1 3 4 1 3 1 1 3 0 4 1 1 1 3 2 0 2 3 2 0 4 1 4 3 0 0 0 2 0 1 4 3 1 3 4 2 3 2 1 1 1 4 1 1 2 1 4 3 4 3 1 3 2 3 1 4 2 3 1 2 3 1 4 1 1 3 0 1 0 4 2 3 1 0 3 2 2 0 4 4 1 4 2 3 2 0 1 1 2 1 3 2 4 3 1 1 3 3 4 0 0 2 1 3 0 3 
0 2 3 4 4 3 3 0 1 2 0 0 0 3 2 4 2 2 3 3 1 0 2 4 4 0 1 1 3 1 1 4 0 3 0 2 3 4 2 3 0 0 1 1 4 0 2 2 1 4 0 4 2 4 3 2 4 3 1 0 0 3 3 2 1 2 4 4 1 0 3 1 1 1 4 4 1 3 0 0 1 2 2 3 1 0 1 3 1 4 0 3 0 3 3 3 0 3 4 1 1 4 3 0 2 2 3 1 1 4 0 3 0 4 4 1 0 4 3 1 1 2 1 0 0 0 2 2 1 1 0 2 0 3 0 4 4 3 3 1 0 4 0 1 1 2 4 0 0 1 0 3 
2 2 1 2 2 2 1 3 4 4 4 4 0 1 1 3 1 2 0 3 4 1 2 2 0 3 4 2 3 1 3 3 1 1 0 0 3 3 0 3 3 3 3 2 0 4 0 2 2 2 1 2 4 3 3 0 0 3 3 1 3 4 0 1 2 2 2 0 1 2 4 1 2 2 3 4 3 2 2 3 2 3 2 1 4 2 1 3 4 0 3 1 0 2 3 0 1 4 0 3 3 3 1 1 4 1 1 3 4 0 0 4 1 4 0 3 0 2 1 3 3 0 4 0 3 1 4 4 1 0 2 3 0 2 3 4 1 4 2 0 2 2 1 2 1 4 2 1 4 4 2 4 
2 3 1 0 3 2 2 1 4 0 2 4 4 0 4 4 0 4 1 1 2 4 2 4 1 0 2 3 1 1 4 2 3 0 1 1 1 2 3 0 1 0 2 0 0 0 1 0 3 1 3 3 1 0 3 1 0 2 2 1 3 0 4 4 4 3 3 2 2 1 0 4 0 3 2 2 0 1 0 0 3 4 3 3 0 0 2 2 1 3 4 4 3 2 0 1 1 3 1 1 2 4 4 3 0 1 3 3 4 3 2 1 0 2 4 0 0 0 4 4 4 1 3 3 0 2 4 3 0 4 0 4 1 1 1 4 4 0 1 1 0 1 1 3 2 0 0 3 2 4 0 0 
1 2 2 4 3 1 2 4 4 1 3 2 1 3 3 1 1 3 1 1 3 0 1 4 1 2 4 0 2 1 3 2 0 0 4 1 2 3 0 2 1 3 1 4 2 3 0 2 0 3 4 3 1 2 2 0 3 4 3 0 2 1 1 4 0 4 3 4 0 0 3 3 0 1 0 4 4 2 0 4 1 1 3 3 2 3 2 3 1 0 3 2 0 2 0 2 1 2 2 3 0 3 3 0 2 3 0 1 2 4 0 1 3 4 2 3 2 0 3 0 0 4 4 2 1 0 4 2 1 1 1 2 2 3 1 4 0 2 4 4 4 3 0 3 4 1 3 1 0 3 4 4 
4 4 3 4 3 4 1 2 2 0 3 2 3 4 0 0 2 2 0 0 2 2 1 3 4 0 0 0 4 1 0 0 2 4 3 1 4 0 0 2 4 0 0 2 0 3 0 2 1 1 1 3 2 2 0 1 4 0 3 0 1 2 2 0 3 1 1 1 4 2 0 4 0 0 1 3 0 0 0 2 2 1 1 3 1 3 4 4 3 4 2 1 2 0 4 3 3 4 2 4 2 2 0 1 1 0 1 0 1 3 3 4 0 3 2 0 2 4 0 4 1 0 3 1 0 2 1 3 3 2 1 1 1 2 0 4 2 3 1 4 1 4 0 2 4 1 2 2 2 1 4 4 
0 3 3 2 2 1 2 2 1 3 4 3 3 4 1 4 4 0 2 1 3 3 2 0 1 4 2 4 2 0 2 4 3 2 1 0 3 1 2 4 3 2 3 1 2 1 4 0 0 2 4 2 4 2 4 3 0 2 3 2 1 2 4 0 1 4 2 1 1 1 2 0 0 2 4 3 3 0 3 1 1 2 4 1 0 4 1 2 2 3 2 1 1 1 3 0 0 1 3 3 0 1 3 1 2 3 4 1 2 0 0 1 3 2 1 0 1 4 0 2 1 3 2 1 0 0 0 4 4 0 3 4 1 2 0 4 1 2 3 0 2 1 0 1 2 1 4 0 0 4 1 0 
4 0 4 1 1 0 0 4 3 0 1 3 0 4 0 0 4 0 2 0 0 2 3 0 2 4 1 3 1 2 4 4 2 0 2 1 4 2 4 2 1 4 2 2 0 4 1 4 3 0 3 3 0 4 1 0 0 0 4 3 2 1 0 1 4 4 1 4 1 3 4 1 1 2 0 4 3 4 3 1 0 3 1 3 3 3 0 3 2 1 2 1 2 3 3 3 3 4 3 3 3 1 2 0 4 1 2 2 1 3 2 4 3 1 2 1 3 3 3 0 3 3 3 1 1 4 3 1 0 4 0 1 4 3 1 2 3 0 4 1 0 3 1 0 2 3 0 3 0 0 3 3 
0 0 1 2 3 4 4 0 0 1 3 0 4 1 1 0 3 0 0 0 3 1 3 2 2 4 3 2 2 4 2 1 0 1 0 4 0 4 3 3 1 4 4 2 1 3 1 4 0 4 0 2 3 3 4 4 3 4 0 2 0 1 4 1 4 2 0 0 0 1 3 2 3 4 4 4 4 2 3 3 1 1 3 2 1 4 0 1 4 4 3 2 1 2 2 1 1 4 2 0 1 4 2 1 1 0 1 2 0 0 3 2 1 3 2 4 3 4 2 4 3 1 0 3 0 4 1 3 2 3 3 1 1 1 4 1 0 2 0 0 0 2 4 1 1 2 4 4 0 3 2 0 
0 4 4 3 2 0 3 1 4 4 2 1 0 4 4 2 2 0 4 2 4 4 4 1 2 2 2 2 1 2 2 2 1 1 4 4 4 4 1 4 0 3 2 1 3 4 2 2 0 2 1 3 1 0 1 0 4 4 2 0 2 4 2 3 0 3 4 0 1 2 1 4 4 3 1 4 1 3 4 2 2 0 0 2 3 3 1 1 4 0 4 2 2 4 0 0 4 0 1 2 3 1 3 4 1 3 1 4 0 0 2 4 2 0 1 3 0 1 3 0 4 1 3 1 3 2 0 4 4 1 4 2 2 3 3 2 2 0 3 4 4 2 0 1 1 0 2 0 3 0 0 0 
0 0 3 3 1 4 3 1 4 4 0 1 4 0 2 1 3 2 1 3 4 4 2 1 4 1 0 1 4 1 1 3 2 4 4 2 1 4 4 1 0 2 3 2 0 3 1 4 3 2 4 4 4 4 0 4 4 0 2 3 1 3 3 4 1 2 2 0 0 2 3 1 0 1 2 1 1 4 1 0 0 3 4 0 3 1 3 0 0 4 2 4 4 3 4 3 0 3 4 1 2 0 0 1 3 4 3 3 1 2 3 4 4 4 4 2 1 0 0 2 2 0 4 0 4 3 4 0 4 1 3 0 2 0 3 3 3 3 1 4 3 4 1 3 3 3 2 0 3 4 3 0 
3 4 3 3 0 0 4 1 1 2 0 1 1 2 4 4 2 2 2 3 0 0 4 4 2 1 3 2 4 3 1 4 3 1 2 4 0 1 2 2 4 4 1 3 0 0 1 0 3 1 3 2 1 3 1 4 4 1 4 2 0 2 3 3 4 0 4 2 3 3 4 0 4 0 3 2 4 2 4 3 1 2 3 4 0 2 0 4 1 1 3 1 2 2 1 4 2 2 2 3 3 2 0 2 4 1 1 1 3 2 1 3 4 3 0 2 0 0 3 2 2 1 3 4 3 3 2 1 1 1 0 2 0 4 0 1 4 4 0 3 3 1 3 1 0 3 3 3 4 4 4 2 
2 2 2 1 0 2 0 1 2 4 4 3 1 4 2 3 1 1 1 1 1 2 4 1 4 2 4 2 1 1 0 1 0 4 0 1 0 3 4 0 0 4 0 3 0 3 3 0 3 1 2 3 1 4 0 2 2 3 2 2 3 1 2 4 4 2 0 3 0 1 0 2 4 0 1 3 0 4 4 0 0 0 4 2 0 0 2 4 4 3 1 3 0 2 3 2 3 4 2 3 0 3 1 2 4 1 2 2 3 0 1 1 1 3 2 2 0 3 3 3 4 2 4 2 3 4 3 2 3 4 3 1 4 2 4 4 2 0 3 1 4 0 0 2 3 3 3 3 1 3 1 0 
2 1 3 0 1 3 2 1 3 1 3 2 4 0 2 4 4 3 0 4 3 3 1 2 3 1 4 0 1 4 4 1 3 3 0 2 3 2 0 1 1 2 4 0 4 3 3 2 2 4 4 0 0 2 4 2 2 2 1 0 4 2 1 1 3 2 0 1 3 2 3 4 3 3 2 0 4 1 1 0 1 2 4 2 0 2 1 2 2 3 1 1 4 1 0 2 1 2 3 3 1 1 1 3 3 4 1 1 4 0 1 3 1 4 3 0 0 3 1 0 2 2 2 4 1 4 2 2 2 1 2 3 1 4 2 4 3 0 3 1 2 1 3 0 1 1 3 2 2 0 1 4 
1 4 0 3 3 2 1 4 2 4 0 2 2 0 3 2 3 1 3 2 0 1 4 4 0 4 2 4 0 2 3 0 2 0 2 2 1 0 3 0 0 3 1 2 4 1 1 3 3 0 2 2 1 3 4 4 4 0 0 0 1 1 3 3 4 2 1 3 0 0 2 0 3 2 3 0 1 4 3 4 3 3 4 3 0 3 0 4 4 3 4 4 0 1 0 1 4 3 3 0 2 2 4 4 3 3 2 0 3 0 4 4 3 1 4 4 2 2 4 2 3 2 2 3 4 4 4 0 1 3 3 2 0 4 0 2 4 2 1 2 1 2 1 4 1 4 3 4 2 4 4 2 
3 1 2 1 3 3 0 3 1 0 2 4 0 2 4 1 0 1 1 0 1 4 0 0 2 1 4 2 2 0 2 4 4 4 4 4 3 3 1 2 4 2 1 1 0 0 4 2 2 1 1 1 0 0 0 0 2 3 0 4 0 0 4 4 2 1 2 4 4 0 0 4 4 0 0 4 3 2 0 4 2 4 2 1 2 2 0 1 1 2 0 1 0 1 2 1 1 2 4 2 0 4 3 3 2 0 3 3 0 4 4 1 1 1 0 1 3 3 3 1 1 1 2 0 3 1 4 0 4 3 4 0 1 2 3 3 0 3 2 3 3 2 0 2 2 2 2 2 1 4 4 2 
2 1 0 1 1 2 1 4 2 1 2 1 2 4 0 1 0 4 3 1 4 1 3 3 2 0 3 3 1 2 0 0 3 2 2 3 2 4 3 1 0 4 4 3 3 0 3 0 1 0 1 3 0 4 2 4 3 3 2 1 1 1 3 3 0 4 2 1 3 1 1 1 4 4 4 0 4 1 1 0 1 3 1 3 4 3 0 0 4 1 3 4 0 3 3 4 4 3 0 0 1 2 2 0 1 1 2 2 4 4 4 2 1 4 0 0 4 4 3 1 3 4 0 1 0 3 1 3 0 2 1 1 1 4 2 0 4 4 4 3 1 2 2 1 0 1 1 2 0 2 4 0 
3 4 1 3 4 3 2 0 0 2 2 2 1 3 2 4 0 0 1 3 2 1 3 4 2 1 4 4 4 4 2 2 4 2 0 4 4 4 1 3 2 3 0 4 0 0 2 4 4 4 2 3 3 2 4 3 4 2 3 3 0 2 4 1 4 0 2 0 4 3 4 3 3 0 1 3 0 4 2 0 3 4 0 2 3 2 4 1 2 1 1 2 3 3 2 2 0 0 0 3 3 0 1 3 0 3 0 2 0 1 0 2 2 2 0 1 1 3 4 1 4 1 2 3 2 0 3 0 3 3 3 1 1 0 4 3 2 4 0 4 0 3 1 3 4 4 3 4 2 3 1 3 
3 3 3 3 1 2 0 0 4 1 2 0 3 4 3 2 2 3 1 0 4 0 4 3 4 2 4 4 0 0 1 4 2 4 1 4 3 0 3 1 4 1 2 4 3 3 0 0 1 1 1 1 2 3 0 1 2 1 1 1 1 3 0 0 4 2 1 1 1 4 2 2 2 2 4 3 4 0 1 3 4 3 3 3 0 1 0 1 1 4 3 4 0 1 2 1 2 0 2 0 2 0 2 1 3 3 2 4 3 2 0 1 1 0 4 3 3 0 2 2 4 2 1 4 3 4 0 0 4 1 0 4 0 0 3 1 0 1 4 0 2 3 2 2 2 2 0 1 3 4 4 2 
1 0 4 1 4 3 0 4 0 3 1 0 0 4 4 4 4 4 3 4 2 4 0 4 1 3 2 1 1 2 1 3 1 3 2 2 1 2 3 2 3 4 3 1 3 4 3 3 2 1 2 4 1 1 2 2 1 1 2 2 3 4 3 0 3 2 4 1 2 3 2 1 1 1 2 0 3 2 1 0 0 0 3 2 3 2 2 0 0 3 1 3 0 3 1 1 2 4 2 1 2 0 1 3 3 4 3 3 4 2 4 1 4 0 2 4 2 4 2 1 0 0 3 4 3 2 4 2 0 2 2 3 4 3 1 4 1 4 2 4 3 4 1 4 2 3 1 4 0 2 1 4 
3 4 2 2 1 3 2 1 1 2 3 4 2 0 3 2 0 0 1 2 3 2 3 1 4 4 4 0 2 3 3 4 0 2 0 1 0 1 4 1 0 2 0 1 0 1 0 3 1 4 4 1 0 2 0 2 4 2 3 3 4 1 3 4 2 1 1 0 0 3 4 0 3 2 2 0 3 0 4 2 3 4 1 1 2 3 4 4 3 3 4 1 2 2 1 4 2 4 4 1 0 0 2 4 1 1 2 3 4 4 3 4 2 0 1 3 0 2 3 4 2 2 2 4 4 2 0 3 2 1 0 3 0 1 4 0 0 3 3 0 0 0 0 2 4 2 3 2 1 2 0 0 
2 1 1 4 1 3 3 1 2 3 1 1 3 1 4 2 2 4 4 4 4 0 4 1 1 1 0 3 1 2 0 4 0 2 3 2 2 4 1 4 3 4 2 2 2 0 0 3 3 4 2 3 2 3 0 3 0 2 1 3 4 3 3 1 4 3 3 1 4 1 3 1 4 2 4 0 1 0 3 4 4 3 2 2 0 0 3 4 2 0 1 1 1 3 3 0 2 0 1 3 2 4 2 1 1 3 1 4 2 0 3 3 2 0 2 2 0 0 4 3 1 2 4 4 2 2 1 1 4 4 3 0 4 1 1 4 3 1 3 0 4 1 3 1 1 1 0 0 2 3 3 3 
4 4 3 0 0 4 2 4 4 2 1 3 2 4 2 3 2 2 3 4 1 3 0 0 3 3 0 0 0 2 0 1 2 0 1 3 0 1 1 4 4 1 1 0 4 0 3 1 1 2 2 0 0 4 3 3 1 0 0 4 1 3 3 3 0 1 4 2 0 3 4 0 0 2 4 0 1 2 2 3 3 0 0 3 1 2 4 3 0 2 3 4 3 3 4 1 4 3 0 0 4 3 0 3 1 3 3 0 0 2 4 4 2 1 1 0 2 1 3 1 0 0 4 2 0 1 4 2 4 4 1 1 4 4 4 3 0 3 2 2 2 3 3 1 4 1 3 2 0 3 0 3 
3 3 2 4 2 1 1 3 4 1 0 2 2 4 2 4 0 2 3 0 0 4 0 2 4 1 1 4 3 4 0 0 4 4 0 4 4 4 1 1 2 0 1 0 4 0 0 0 0 1 0 3 1 3 3 2 3 2 4 0 1 2 2 2 3 1 1 4 3 4 4 2 2 0 1 4 3 1 0 2 2 2 4 2 0 1 0 4 1 2 0 0 2 4 3 4 3 1 3 3 3 1 1 4 1 3 2 3 0 1 2 0 2 1 0 2 0 4 3 0 1 3 2 0 1 4 1 0 1 3 3 4 4 4 0 1 1 3 3 1 2 0 0 0 2 2 4 2 3 4 3 1 
4 4 1 3 1 2 4 2 3 3 2 0 4 2 4 2 3 3 0 0 4 0 3 4 0 3 4 0 2 4 2 0 0 0 2 4 1 2 3 1 1 4 4 1 2 3 1 4 2 0 0 3 4 4 1 3 2 2 3 0 3 2 0 3 0 1 0 4 2 4 1 4 4 4 4 1 2 2 0 2 1 1 4 0 4 1 2 3 3 0 2 1 0 2 1 1 4 2 1 3 2 0 0 2 4 0 2 0 2 4 3 1 1 1 0 3 3 0 0 2 1 2 0 1 0 1 2 3 2 4 1 1 4 3 1 2 1 4 0 1 3 0 3 0 1 4 0 1 0 4 3 4 
1 3 3 1 2 2 0 4 4 3 1 0 1 1 0 1 0 1 4 3 4 4 4 2 0 0 4 0 3 2 0 0 1 1 0 1 3 4 0 4 0 1 4 1 4 1 1 0 3 1 4 1 2 1 1 1 0 2 2 3 3 2 2 0 0 0 1 3 1 2 3 3 0 4 3 4 4 3 1 1 4 3 0 0 0 4 0 0 2 4 2 1 3 2 2 2 2 1 0 3 1 1 3 4 3 4 3 4 3 4 0 1 4 0 0 0 3 4 1 0 2 1 1 0 1 4 0 4 3 3 0 1 1 2 3 3 0 2 1 4 4 2 3 1 4 2 3 2 4 4 0 2 
0 4 2 3 2 4 3 3 4 4 4 1 0 1 0 1 3 1 2 1 3 1 0 0 2 2 2 1 1 0 4 3 0 0 0 3 2 0 3 0 3 3 3 4 1 0 3 1 3 0 2 0 0 1 4 0 0 1 0 3 0 2 3 0 1 2 2 3 1 4 0 1 3 3 3 0 2 2 4 2 1 1 1 0 2 4 1 0 2 1 3 0 2 3 2 3 0 1 3 3 4 2 4 3 2 1 2 3 0 0 4 4 0 1 3 0 4 3 1 1 1 1 2 3 0 1 0 2 4 4 3 0 0 0 0 1 2 0 0 0 3 0 0 1 4 0 1 1 0 2 0 1 
3 1 0 3 1 4 0 3 0 4 2 2 0 0 3 3 2 2 0 0 0 4 4 4 4 1 0 0 3 3 4 0 1 1 0 0 3 2 4 0 2 0 2 4 2 0 1 2 3 2 0 4 0 0 2 4 1 0 2 0 1 2 0 2 3 4 0 2 1 3 0 4 3 4 1 4 4 1 1 0 0 0 1 3 3 3 2 0 0 1 3 3 2 2 1 0 1 4 3 0 0 1 2 2 0 1 2 2 3 1 4 0 2 1 0 4 0 0 3 2 4 0 0 1 1 3 1 3 4 3 1 0 3 1 1 1 3 1 3 2 3 2 3 1 0 0 2 4 4 1 1 0 
0 1 4 3 0 1 0 4 3 4 3 2 2 0 1 0 4 1 0 4 3 0 0 4 1 4 0 3 0 4 1 3 4 4 4 1 0 2 2 2 0 3 2 1 1 0 0 1 4 1 2 1 0 2 0 3 0 0 2 1 0 0 3 2 3 0 4 0 2 3 3 4 0 4 3 0 4 2 1 3 2 4 0 4 2 3 2 3 3 2 3 3 1 4 4 2 2 4 2 3 1 2 4 1 0 1 1 4 0 3 2 1 3 3 4 1 0 2 0 1 1 1 0 1 0 4 3 0 3 2 0 1 4 2 1 2 0 1 0 1 0 0 4 1 1 2 3 4 4 4 2 0 
2 0 1 2 2 1 3 3 4 2 4 3 3 4 1 0 1 4 2 1 2 4 2 4 0 2 0 2 2 3 1 4 4 2 0 1 3 2 3 0 1 0 4 0 4 3 3 1 4 2 4 3 4 0 3 4 1 4 3 3 2 2 4 0 4 4 4 2 2 2 4 4 3 1 4 0 4 2 1 1 3 2 0 2 2 1 3 3 3 1 0 0 2 1 1 3 0 2 1 4 4 4 2 4 4 4 4 0 3 1 2 3 3 3 0 0 2 2 0 2 1 4 1 2 2 1 4 1 0 4 3 0 1 1 3 1 1 4 4 3 1 4 4 4 2 0 2 4 2 0 3 0 
4 1 4 2 4 2 3 1 2 0 1 2 4 3 1 0 4 1 3 4 2 4 0 3 3 3 3 3 0 3 3 2 4 0 4 4 3 2 0 4 0 0 4 2 3 2 4 3 4 0 4 0 2 4 4 4 2 0 0 0 0 0 3 1 2 2 1 4 4 4 2 1 4 2 1 0 3 2 3 0 3 4 4 3 0 2 3 1 0 2 0 4 3 1 4 2 1 2 0 1 1 0 4 3 2 0 4 1 3 2 2 3 2 1 0 1 1 2 0 0 1 2 0 3 2 1 2 4 3 1 3 0 3 1 1 0 0 0 4 2 3 2 3 0 0 1 1 3 1 0 4 0 
1 4 3 2 1 0 0 3 2 2 0 4 1 0 1 1 4 2 2 3 2 1 3 4 2 3 4 0 2 1 3 3 1 2 4 0 0 0 1 3 1 1 0 0 3 2 4 1 2 4 2 3 4 2 1 1 3 0 1 3 4 1 0 1 2 1 2 2 4 2 1 3 1 3 3 2 4 1 1 1 0 4 3 3 2 0 2 4 2 2 3 3 4 2 1 1 2 4 0 1 0 3 4 1 0 1 1 3 3 3 0 2 0 2 0 2 0 0 4 2 3 1 0 0 2 4 0 1 3 0 4 1 4 0 0 1 0 4 0 1 4 3 1 4 3 2 2 3 1 3 0 1 
0 2 0 3 2 4 2 3 4 3 3 1 1 1 3 3 1 1 3 3 0 1 0 1 4 2 2 2 0 3 2 2 3 4 2 0 1 0 1 3 4 3 4 4 1 3 1 4 0 3 3 2 1 0 0 1 2 4 3 2 2 0 3 4 1 4 0 3 3 4 2 1 1 2 4 4 3 1 2 2 3 2 4 1 0 1 4 4 0 2 0 2 4 4 2 2 4 2 1 3 4 3 0 1 2 2 4 2 4 1 0 2 3 1 0 0 4 3 3 2 4 2 4 4 2 4 4 3 3 2 0 0 4 4 0 4 4 0 2 0 3 0 4 2 2 2 1 1 2 2 2 4 
1 4 3 0 1 3 2 0 3 1 1 0 1 4 0 2 2 3 0 4 3 4 3 4 0 2 4 0 0 2 2 0 3 1 3 4 2 1 2 4 1 3 1 2 1 1 3 3 2 2 3 4 0 4 2 4 3 2 1 2 2 3 0 4 2 4 0 0 4 0 2 2 4 2 4 0 3 4 4 4 2 2 1 0 4 3 4 3 2 1 3 4 0 3 2 3 0 2 3 0 4 2 2 1 2 3 3 3 4 0 0 3 0 3 3 2 1 3 3 4 0 2 3 0 4 1 1 4 1 0 1 1 2 4 3 1 4 2 2 0 1 2 1 1 2 0 1 2 2 3 2 4 
3 0 0 1 4 0 4 2 4 3 0 4 3 0 1 2 3 4 2 3 0 0 0 1 3 0 3 3 4 0 3 3 4 1 4 0 4 2 1 2 1 1 1 0 1 4 4 1 4 1 1 4 3 2 1 1 2 3 1 4 4 2 0 2 0 3 1 3 1 2 3 3 4 3 0 3 2 2 1 0 2 4 2 3 0 2 4 1 3 0 1 0 0 4 2 0 1 4 0 4 3 1 4 3 3 1 1 2 1 4 1 4 0 2 0 2 1 2 1 3 4 0 0 3 3 1 3 0 4 3 3 3 4 1 4 0 1 0 2 4 2 4 2 4 2 2 3 3 0 1 0 1 
0 2 0 2 4 3 4 2 3 0 2 0 3 2 2 3 3 2 0 4 1 3 0 0 1 0 0 4 1 1 1 1 4 1 1 3 0 3 0 3 1 2 2 0 2 1 0 3 0 0 1 0 0 2 3 1 1 0 1 1 1 0 4 0 3 3 4 4 3 2 0 0 4 3 0 4 1 2 4 2 4 4 4 0 4 2 1 4 0 3 3 1 3 4 0 1 1 4 0 1 2 4 3 0 1 4 0 4 1 2 3 2 2 4 3 4 4 4 2 1 2 3 3 4 1 0 2 2 3 0 4 4 1 3 4 4 1 3 4 1 2 2 4 1 0 2 2 4 2 2 3 3 
1 4 4 4 2 0 4 4 0 3 3 2 4 3 1 4 4 3 1 4 4 4 4 4 1 4 1 0 2 0 2 2 4 4 1 4 3 3 1 1 2 1 3 0 4 4 2 3 1 3 3 0 4 2 4 1 2 1 0 0 0 4 2 0 0 2 1 0 3 3 0 1 3 1 0 2 3 2 1 0 2 0 3 1 4 2 1 4 1 0 2 4 1 3 2 0 2 4 2 1 1 3 3 1 4 1 4 3 2 4 0 1 1 0 3 0 2 4 4 1 0 3 1 3 1 3 0 3 4 1 3 1 2 3 2 0 3 3 1 4 2 4 1 2 0 1 3 0 4 4 1 3 
0 0 0 0 3 3 0 1 3 0 2 2 3 3 3 4 3 3 2 4 2 4 2 2 1 3 1 4 1 1 2 1 4 2 2 0 4 3 0 2 3 3 3 1 2 4 1 4 4 1 0 0 4 3 1 1 2 4 2 3 2 1 0 2 3 2 1 4 3 4 1 0 0 4 0 2 2 2 0 4 0 3 1 1 0 1 1 0 1 4 0 1 1 3 2 0 0 2 3 1 0 4 0 3 3 3 4 1 0 4 1 1 4 0 0 4 3 1 4 2 3 0 3 1 2 1 1 4 2 1 3 0 1 2 1 0 4 1 4 1 4 4 1 2 0 1 3 4 4 3 2 4 
0 3 3 2 4 3 1 0 3 0 4 3 2 4 2 2 1 0 4 1 2 0 3 0 3 4 1 0 4 0 3 1 2 0 0 2 4 2 1 1 4 2 4 2 1 4 1 1 3 3 0 1 0 3 2 2 1 2 3 4 4 0 2 0 2 2 3 0 3 3 0 1 1 2 1 0 3 0 3 2 2 3 0 3 4 3 2 4 1 1 2 1 2 4 2 1 4 0 2 0 4 2 0 4 2 3 4 0 4 0 2 0 4 3 1 4 2 3 3 4 2 1 1 1 2 2 4 2 2 2 4 1 1 4 3 2 4 0 3 1 0 3 4 4 0 3 4 1 4 2 1 3 
1 4 3 2 3 0 0 2 1 2 2 0 0 0 1 1 1 3 3 4 0 3 0 2 2 4 1 1 0 0 1 0 0 2 2 0 1 4 4 1 1 2 3 0 1 3 3 2 2 2 2 2 3 1 1 4 0 1 2 4 3 1 4 3 3 4 2 0 3 1 0 2 0 0 4 3 1 0 1 3 3 3 3 0 2 1 3 4 0 0 2 4 1 2 3 0 0 3 4 0 0 2 1 3 4 0 3 3 4 2 1 3 1 1 2 0 2 3 0 0 2 3 3 1 4 3 1 2 3 0 1 2 3 3 0 3 4 0 4 1 1 2 3 2 2 1 0 3 0 4 0 4 
0 1 2 4 0 4 0 3 4 1 1 0 2 1 2 4 1 1 1 2 4 1 1 0 3 3 0 4 0 2 1 2 4 3 1 1 4 4 4 1 2 3 4 0 2 4 3 3 0 2 0 2 3 4 3 3 1 1 0 1 2 0 1 2 0 2 2 3 1 2 0 4 0 4 2 2 1 3 1 3 0 0 1 2 0 3 3 4 0 3 1 2 1 3 4 0 4 0 4 1 4 3 4 1 0 4 2 0 3 4 2 4 4 0 3 3 3 2 3 4 2 3 3 3 1 3 1 4 0 0 0 4 4 3 3 2 1 2 3 4 4 2 4 0 3 4 1 3 1 3 0 0 
0 4 1 3 1 2 0 1 4 3 4 3 4 1 0 0 2 1 2 1 0 0 0 4 3 2 0 0 1 1 1 3 0 4 3 1 2 3 2 2 4 0 3 2 3 4 3 3 4 0 0 3 4 4 4 3 0 3 3 3 4 2 0 2 2 4 3 1 2 0 2 1 0 4 0 2 2 2 2 0 0 3 4 4 0 2 1 1 4 3 4 2 4 3 0 1 2 3 1 3 3 0 0 3 3 0 3 3 1 3 2 4 1 4 2 4 4 0 3 3 4 1 2 1 1 3 1 0 0 3 1 0 4 3 1 1 1 0 4 3 3 3 1 1 4 4 4 2 0 1 4 1 
1 3 4 3 1 1 0 4 2 0 1 2 4 1 4 4 1 1 4 4 0 3 1 2 1 0 3 1 4 0 0 4 4 2 3 2 3 4 4 2 0 0 2 3 0 3 0 3 3 2 0 4 4 4 2 2 3 1 4 3 4 4 1 3 3 0 3 2 2 4 1 4 2 1 2 2 0 4 0 4 3 2 4 2 4 4 0 0 1 1 1 0 2 0 2 0 1 2 2 3 3 1 2 2 4 3 1 4 0 3 0 0 2 0 4 2 2 1 2 4 1 1 1 4 0 3 0 4 3 1 0 3 3 0 3 1 1 3 0 3 2 1 1 0 4 0 4 4 2 0 4 4 
3 4 1 2 0 4 4 1 3 2 4 2 1 4 3 2 4 0 3 2 4 0 4 0 3 2 3 1 1 1 2 3 1 3 2 4 0 3 2 1 3 4 2 0 1 4 2 2 4 3 1 1 2 3 1 0 2 4 1 4 4 2 2 0 4 3 1 0 3 2 1 0 2 2 0 4 3 1 1 4 3 2 1 0 1 2 2 0 1 2 0 2 3 3 3 0 0 0 0 0 0 2 1 0 1 1 1 4 0 2 4 0 4 3 0 2 2 3 2 3 4 1 4 0 1 3 0 0 2 1 3 0 4 2 4 0 0 0 1 2 3 4 3 0 4 0 0 1 0 4 3 2 
3 2 2 2 2 4 0 2 1 3 4 0 3 3 0 4 0 4 0 3 1 0 2 0 0 2 3 2 2 2 1 4 3 0 4 0 2 2 4 0 1 3 3 1 2 1 1 1 1 3 2 1 1 4 0 3 3 4 1 3 1 2 0 0 0 1 2 1 4 1 4 3 1 2 0 1 3 1 3 3 1 1 3 0 0 3 1 0 1 2 2 0 2 1 2 3 0 4 2 1 3 2 4 4 3 4 3 2 0 4 3 4 2 0 2 2 2 3 2 1 4 2 1 4 4 2 4 2 0 4 1 1 3 3 0 4 1 3 4 4 2 4 2 4 2 2 3 4 0 4 0 2 
2 1 1 1 0 3 0 1 4 3 1 3 2 2 0 0 1 3 4 1 3 2 2 2 2 3 2 3 2 4 1 0 4 1 4 1 1 2 0 0 3 1 2 0 4 0 1 0 1 1 2 1 1 4 0 1 2 1 3 3 2 1 0 2 0 4 4 1 3 2 1 1 0 4 1 4 3 1 2 4 2 1 4 4 4 0 3 3 2 1 3 1 3 2 0 4 2 4 1 4 4 0 4 2 4 1 1 4 3 4 2 3 4 1 0 4 3 1 0 4 4 3 3 1 1 1 1 3 2 2 4 1 4 4 1 2 0 1 3 2 2 2 0 3 1 2 2 4 2 1 2 1 
1 3 1 1 4 2 2 0 2 4 4 1 0 1 0 1 4 2 2 1 1 3 0 0 1 2 4 1 1 3 2 3 2 0 4 2 0 1 3 1 1 2 2 2 2 0 4 0 2 2 2 3 3 1 1 4 2 0 4 2 3 0 4 4 0 3 1 4 3 3 4 0 4 0 0 2 4 3 0 4 2 2 3 3 1 2 4 1 2 0 1 4 3 0 2 1 1 2 4 0 0 1 2 1 2 1 1 1 2 3 3 0 2 0 1 0 0 0 2 0 0 1 0 4 1 0 2 2 4 2 3 4 0 2 3 0 3 4 3 2 0 1 4 4 3 4 2 2 2 2 3 4 
0 3 3 1 4 3 2 0 3 1 3 2 0 2 2 1 2 4 2 4 1 2 1 4 3 3 2 0 0 1 2 3 2 0 1 0 0 2 1 3 1 2 4 4 4 1 0 3 2 4 0 0 2 2 0 2 0 4 4 0 3 3 3 2 2 1 2 0 0 3 4 0 4 4 2 0 0 0 1 2 4 4 0 4 3 2 3 4 0 4 2 1 0 0 3 0 4 1 2 4 2 3 2 1 4 3 1 2 3 2 4 4 2 1 3 0 1 1 1 4 0 1 1 1 4 1 2 4 4 2 2 0 4 0 4 4 0 3 0 0 2 3 2 2 0 0 0 1 1 0 2 2 
4 0 2 3 0 3 1 1 0 0 2 0 1 4 0 0 0 1 1 4 4 3 0 4 1 1 3 4 0 4 4 3 2 4 4 0 0 2 3 0 1 4 0 3 2 2 2 4 2 1 2 2 4 3 0 4 3 3 4 0 0 1 4 1 2 3 4 1 3 3 4 0 2 3 1 1 0 3 1 1 0 3 0 1 1 0 3 4 1 4 1 0 4 1 4 4 3 4 4 4 4 4 1 0 1 4 4 4 1 4 4 0 1 0 4 3 3 1 2 0 2 0 2 4 2 0 3 4 2 3 2 4 4 3 0 3 3 1 4 3 4 0 2 0 1 3 4 2 3 0 0 4 
4 0 0 4 1 3 4 1 1 0 4 1 0 1 1 3 4 0 0 4 4 0 4 1 3 3 0 3 4 4 2 0 1 3 2 4 4 4 1 1 3 3 4 0 2 1 1 1 1 3 1 3 1 1 0 3 1 1 2 1 4 4 0 3 0 1 3 1 1 3 1 4 1 0 3 2 4 1 3 3 1 1 1 3 3 1 2 3 2 3 0 3 0 0 4 2 1 3 3 4 1 0 4 2 0 2 0 4 4 2 0 1 4 0 3 1 2 0 0 3 4 2 2 0 3 2 4 4 4 0 4 0 0 1 1 4 0 1 2 1 0 2 4 4 3 1 2 3 3 1 1 0 
4 4 0 2 2 4 0 1 1 0 0 2 1 1 4 4 0 1 2 3 0 1 1 1 1 3 3 2 2 4 3 3 1 0 4 0 1 4 0 1 0 1 2 0 4 0 4 1 3 1 1 1 1 3 1 0 3 1 4 2 2 0 3 1 1 1 0 0 2 3 3 1 0 1 4 4 3 3 1 1 0 2 4 1 3 1 2 2 3 0 1 2 4 0 2 2 3 4 0 4 3 4 0 1 4 3 1 2 3 4 1 0 3 3 2 0 0 3 0 4 2 4 4 2 0 3 2 1 0 0 3 0 3 4 4 4 2 3 2 2 0 0 4 4 0 0 2 0 2 4 1 0 
2 0 2 0 1 4 4 3 3 4 3 3 4 1 4 0 1 4 1 3 2 4 2 3 1 1 1 4 3 3 4 0 0 0 3 2 0 1 0 3 0 3 2 2 2 1 0 2 2 0 1 0 4 3 1 2 2 2 1 1 3 0 0 1 2 4 2 0 4 3 3 2 3 0 1 2 4 0 3 0 3 0 4 2 3 3 3 4 2 0 3 1 0 3 4 0 3 2 3 1 3 3 4 4 4 1 4 2 2 1 4 0 3 3 1 1 1 4 1 0 1 0 4 0 0 4 0 2 4 2 2 3 3 3 4 2 3 1 2 3 2 1 3 1 4 3 2 3 4 1 2 0 
4 4 2 0 1 1 3 2 0 2 0 2 2 4 2 0 3 3 0 0 0 4 3 4 0 2 2 3 4 3 3 4 3 1 0 4 3 3 4 3 3 3 2 1 2 3 1 0 2 3 0 3 0 3 3 1 3 4 1 4 3 3 1 0 0 3 1 3 2 2 2 2 4 1 4 2 0 0 3 1 0 1 1 0 1 2 2 0 4 3 3 1 3 3 2 3 1 3 2 2 1 3 3 2 0 0 1 2 2 4 3 1 2 2 4 2 1 0 0 3 2 3 4 0 2 4 0 1 4 0 1 4 0 1 4 2 1 2 1 4 3 4 2 3 2 1 1 0 0 2 3 2 
4 3 4 4 2 3 1 0 2 2 1 3 2 0 0 4 3 4 2 1 1 0 3 1 1 2 2 3 0 4 1 0 1 4 1 1 3 3 1 1 4 2 3 2 1 0 1 1 0 4 4 0 1 0 0 0 3 0 2 2 4 1 2 4 3 3 0 2 1 3 0 3 3 0 3 0 0 0 4 2 3 4 0 2 1 1 3 4 0 3 2 3 3 1 3 1 3 3 0 1 2 0 0 2 3 3 2 3 0 2 0 0 4 3 1 3 3 4 4 0 3 3 3 4 0 1 1 3 2 3 1 0 4 2 0 2 4 4 2 2 4 4 2 4 1 2 0 3 3 3 0 0 
2 4 3 3 1 2 2 3 2 3 3 0 3 0 1 3 1 2 0 1 1 2 1 3 0 1 1 2 0 2 0 2 4 2 0 2 2 0 2 0 1 1 1 2 3 1 4 0 4 0 3 3 1 3 1 2 0 1 1 1 3 0 0 1 0 1 1 4 0 0 0 4 4 3 2 4 3 1 1 3 4 2 0 1 1 4 0 4 3 1 1 0 0 4 3 3 3 0 1 4 0 0 1 0 3 0 2 0 0 1 3 2 1 3 4 2 4 4 1 2 3 4 0 3 3 4 0 0 2 1 4 0 2 3 1 1 2 0 1 1 0 3 4 0 3 3 2 4 2 2 1 4 
3 0 0 4 0 2 4 4 1 4 4 1 0 3 3 2 3 1 0 4 4 1 3 4 4 2 4 0 1 2 0 4 1 4 1 0 3 0 0 0 2 0 2 0 0 3 1 0 1 1 0 4 2 0 1 4 4 3 1 4 0 2 0 2 2 0 4 0 0 3 2 1 2 4 4 4 4 2 1 2 3 0 2 2 2 1 0 0 1 3 4 3 0 2 4 3 3 2 3 1 2 2 0 4 3 1 4 1 4 0 3 2 2 2 4 2 1 3 0 2 2 1 3 4 1 2 2 1 1 0 2 3 4 3 1 3 2 2 1 1 3 2 1 2 2 0 0 1 2 4 0 1 
0 3 4 3 4 4 0 1 4 3 4 2 1 1 1 4 2 4 2 3 1 3 2 3 4 3 4 4 1 2 2 2 3 0 0 4 4 3 1 3 0 2 3 3 1 4 3 4 1 2 3 3 4 0 2 2 0 1 1 1 1 2 4 4 2 0 1 0 4 4 3 1 2 3 0 4 1 1 0 2 0 0 1 2 0 0 3 3 1 4 4 1 1 0 2 0 3 0 2 3 2 0 4 0 3 1 2 4 3 0 2 2 2 3 3 4 1 3 4 4 2 2 3 1 0 3 1 3 2 3 0 0 4 1 0 1 1 2 2 4 4 0 2 2 1 4 0 3 1 2 2 0 
1 4 0 4 0 2 4 2 3 2 3 2 3 3 3 1 0 0 1 2 4 1 0 2 4 4 4 1 0 0 4 1 0 0 0 1 0 2 3 2 0 4 3 3 1 4 1 3 1 4 4 1 4 4 3 4 1 1 2 2 0 2 0 4 4 3 3 0 2 0 2 3 3 1 2 1 4 1 4 2 1 1 3 4 0 2 3 1 3 1 0 3 1 0 0 2 2 3 3 1 2 3 2 2 3 3 1 4 2 2 3 4 2 0 4 2 1 2 4 0 0 0 1 0 4 1 3 2 1 1 1 0 1 1 1 4 2 4 0 2 3 1 2 3 0 4 0 0 2 4 0 2 
1 1 0 4 0 1 0 0 3 4 1 4 4 2 4 3 1 3 3 1 1 2 4 0 3 3 3 0 1 4 1 3 2 1 3 3 0 3 0 0 4 1 2 2 3 2 1 2 2 3 4 0 0 4 2 3 3 2 4 0 3 3 4 4 1 3 3 3 3 3 3 2 3 2 3 4 0 3 1 1 2 1 3 3 0 2 3 4 0 2 1 1 4 1 0 2 0 1 4 4 4 3 4 2 0 2 0 4 2 1 2 2 3 0 3 3 4 3 3 2 3 3 3 1 1 4 3 2 1 4 2 4 1 3 2 4 0 4 2 0 1 0 4 0 0 1 3 3 3 4 0 4 
0 4 0 0 0 3 0 2 0 3 2 4 0 1 1 0 4 3 3 0 2 0 2 4 1 2 3 1 1 1 1 3 4 0 2 3 2 2 3 2 0 4 0 2 1 4 0 3 0 4 4 4 3 2 0 4 3 3 2 3 1 2 0 2 1 2 4 4 2 2 1 4 1 4 2 0 3 2 1 0 4 1 1 3 3 0 4 0 3 4 2 2 4 1 1 3 0 3 4 3 3 0 2 3 2 2 1 1 2 3 2 2 1 1 4 3 3 4 2 0 0 4 1 3 3 4 2 3 3 3 0 1 0 4 3 2 0 0 1 4 0 4 4 0 2 1 4 4 1 0 1 4



 