1
20

[Node]
  0  25.000  25.000   0   0  
131  25.000  25.000   0   0 


[Pickup]
  1  45.479  47.350   0   9 20 200  320
  2  14.637   2.649   0   5 20  40  160
  3  31.784  39.682   0  16 20 448  568
  4  22.594  49.458   0  20 20  13  133
  5   1.279   7.844   0  10 20 559  679
  6  49.591   5.129   0  20 20 207  327
  7  14.900   8.658   0   6 20 114  234
  8  21.227  46.868   0  18 20 364  484
  9   0.401   2.882   0   7 20  29  149
 10   0.992  42.377   0   9 20 112  232
 11   8.671  23.026   0   8 20 235  355
 12  32.845  31.582   0  18 20 409  529
 13   1.221  19.986   0  12 20 146  266
 14  30.561  28.302   0  12 20 434  554
 15  36.089  46.410   0  15 20 107  227
 16  38.427  21.803   0   7 20 367  487
 17  31.439   5.571   0  14 20 559  679
 18  47.912  10.565   0  14 20 402  522
 19  30.745   9.007   0  19 20 386  506
 20  45.764   8.559   0   7 20 480  600
 21   1.486  35.445   0   7 20 464  584
 22   4.525  31.446   0   6 20 138  258
 23   7.550  44.519   0  11 20 283  403
 24   2.700  35.550   0   7 20 326  446
 25  44.995  10.117   0  19 20 211  331
 26  46.221  16.131   0  11 20 289  409
 27  23.690  14.918   0  16 20 212  332
 28  17.508  19.095   0   8 20 435  555
 29  36.781  37.726   0  13 20 532  652
 30   2.119   0.960   0  12 20 550  670
 31  31.146  45.793   0   5 20 203  323
 32  22.081  43.214   0  15 20 347  467
 33   5.049  22.902   0   8 20 385  505
 34  12.182  49.069   0  11 20 284  404
 35  46.369  46.347   0  16 20 242  362
 36  44.962  41.950   0   9 20 508  628
 37   7.997  20.798   0  12 20  24  144
 38  30.495   1.115   0   5 20 143  263
 39  38.031   9.776   0   9 20 335  455
 40  12.311   1.997   0   7 20 431  551
 41  29.696   1.954   0  18 20 167  287
 42  16.175  49.689   0   5 20 250  370
 43  39.175  48.552   0  16 20 585  705
 44   2.346  12.934   0   8 20 302  422
 45  41.948  35.684   0  15 20 493  613
 46  30.347  44.421   0  15 20 427  547
 47  47.082  37.630   0  16 20 465  585
 48  18.368  21.754   0  10 20  88  208
 49  16.572  31.196   0  14 20 502  622
 50   5.631  15.182   0  10 20 534  654
 51  33.886   8.492   0  14 20 480  600
 52  15.334  40.966   0  12 20 305  425
 53  42.409   2.736   0   7 20 217  337
 54  21.622  36.607   0   6 20 190  310
 55  44.851  39.016   0   5 20  56  176
 56  46.729  45.603   0  17 20 145  265
 57   2.399  39.130   0   7 20 347  467
 58  21.983  34.912   0  10 20 559  679
 59   1.016  10.940   0   6 20  52  172
 60  23.746  23.838   0  17 20 356  476
 61   8.946  19.429   0  10 20 104  224
 62  16.975  29.432   0  19 20 417  537
 63  36.140  49.567   0  13 20 186  306
 64  19.813   5.888   0  12 20 105  225
 65  35.526  35.683   0  13 20 274  394

 

[Delivery]
 66   5.293  33.895   0  -9 20 242  362
 67  39.612  41.714   0  -5 20  86  206
 68  37.150   7.767   0 -16 20 480  600
 69  20.410  42.960   0 -20 20  19  139
 70  39.731   3.207   0 -10 20 597  717
 71  13.064  46.942   0 -20 20 262  382
 72  11.596  17.549   0  -6 20 123  243
 73  35.094  10.910   0 -18 20 402  522
 74  15.455  49.859   0  -7 20  78  198
 75   9.693   8.836   0  -9 20 146  266
 76  12.492  13.799   0  -8 20 244  364
 77  24.334  41.503   0 -18 20 422  542
 78  13.111  48.089   0 -12 20 176  296
 79  24.422  33.443   0 -12 20 442  562
 80  25.272  28.466   0 -15 20 127  247
 81  42.778  11.453   0  -7 20 378  498
 82  39.423  13.020   0 -14 20 569  689
 83  32.147  17.898   0 -14 20 419  539
 84  10.796   9.047   0 -19 20 405  525
 85  30.328  42.175   0  -7 20 516  636
 86  47.221  23.289   0  -7 20 511  631
 87  40.113  10.096   0  -6 20 179  299
 88   1.045  18.115   0 -11 20 310  430
 89  49.688  11.707   0  -7 20 378  498
 90   4.499   3.554   0 -19 20 252  372
 91  48.159  31.667   0 -11 20 304  424
 92  25.973   5.136   0 -16 20 222  342
 93  43.619  12.027   0  -8 20 462  582
 94  14.434  22.330   0 -13 20 559  679
 95  21.136  12.236   0 -12 20 572  692
 96  20.912  47.276   0  -5 20 213  333
 97  26.269  36.998   0 -15 20 354  474
 98  48.913  24.144   0  -8 20 428  548
 99  47.721  49.908   0 -11 20 319  439
100  22.170  47.329   0 -16 20 266  386
101  15.551  40.756   0  -9 20 537  657
102  34.908   1.211   0 -12 20  57  177
103  26.956   3.396   0  -5 20 147  267
104  13.282  37.101   0  -9 20 371  491
105   9.559   8.658   0  -7 20 438  558
106   1.850  21.646   0 -18 20 201  321
107   0.603  36.973   0  -5 20 270  390
108  32.309  40.291   0 -16 20 595  715
109  23.737  12.122   0  -8 20 323  443
110  23.149  43.945   0 -15 20 513  633
111  11.503  32.301   0 -15 20 449  569
112  49.325  46.771   0 -16 20 474  594
113  25.472  16.920   0 -10 20  96  216
114  18.109  29.506   0 -14 20 504  624
115  22.179  41.315   0 -10 20 564  684
116  46.471  28.307   0 -14 20 503  623
117  25.854   2.965   0 -12 20 344  464
118  40.993  14.163   0  -7 20 228  348
119  24.485   2.818   0  -6 20 223  343
120   9.622  10.033   0  -5 20 101  221
121  39.370  31.571   0 -17 20 160  280
122  20.243  26.716   0  -7 20 368  488
123  13.340   9.923   0 -10 20 585  705
124  39.445  43.705   0  -6 20 102  222
125  26.525  29.768   0 -17 20 362  482
126  35.085   4.549   0 -10 20 134  254
127  19.056   6.105   0 -19 20 440  560
128  17.755  21.052   0 -13 20 219  339
129  28.694  30.752   0 -12 20 131  251
130  46.145   9.364   0 -13 20 302  422



[Speed 0]
  0.0 120.0 0.0 0.5
120.0 600.0 0.0 0.81
600.0 720.0 0.0 0.5 
720.0 840.0 0.0 0.81

[Speed 1]
  0.0 120.0 0.0 0.67
120.0 600.0 0.0 1.33
600.0 720.0 0.0 0.88 
720.0 840.0 0.0 1.33

[Speed 2]
  0.0 120.0 0.0 0.88
120.0 600.0 0.0 1.33
600.0 720.0 0.0 0.67 
720.0 840.0 0.0 1.33

[Speed 3]
  0.0 120.0 0.0 0.85
120.0 600.0 0.0 1.5
600.0 720.0 0.0 0.85 
720.0 840.0 0.0 1.5

[Speed 4]
  0.0 120.0 0.0 1.0
120.0 600.0 0.0 2.0
600.0 720.0 0.0 1.0 
720.0 840.0 0.0 2.0


[speed choose matrix]
3 1 2 3 3 3 1 2 0 1 0 2 1 2 0 1 3 2 0 0 1 1 0 2 2 3 1 4 2 0 2 0 2 2 1 0 4 1 0 3 4 2 1 3 0 4 4 1 3 4 1 2 4 1 1 0 2 3 0 3 2 3 4 2 4 4 1 1 1 3 4 4 1 3 0 1 1 1 0 2 1 2 2 2 0 0 3 1 4 3 4 1 0 4 0 3 1 0 4 2 1 0 4 3 4 4 4 3 2 4 4 1 3 1 3 2 1 2 1 3 2 1 3 3 0 0 0 1 3 3 4 3 
3 1 2 0 2 2 3 1 0 3 4 1 3 2 0 0 4 2 2 2 1 1 4 1 1 2 2 0 4 1 4 3 1 1 1 0 2 4 3 1 3 4 0 4 0 2 3 1 1 1 2 2 4 2 1 4 3 1 2 3 0 0 4 1 3 2 1 1 1 0 3 1 2 4 4 1 3 1 1 1 1 4 3 2 2 2 4 4 3 0 2 3 0 2 1 2 3 2 2 3 4 4 2 0 1 1 1 3 1 0 3 4 1 3 0 2 3 2 4 0 2 1 0 4 4 3 2 2 2 4 2 3 
0 4 3 3 3 0 4 4 4 2 0 3 1 3 2 4 1 4 2 0 4 0 2 4 2 0 1 2 4 4 2 3 4 0 2 3 3 1 3 4 4 3 1 1 3 2 3 4 2 0 0 1 0 4 4 4 3 4 1 3 3 2 2 0 1 4 4 3 0 4 0 3 0 0 4 2 3 4 1 4 3 0 2 0 0 2 3 3 3 1 1 1 4 1 1 1 3 2 2 2 2 0 0 2 2 2 3 0 4 2 1 0 4 1 3 2 0 0 3 2 2 2 3 1 2 3 4 0 1 4 4 0 
2 3 3 0 1 2 4 3 1 3 3 1 1 1 4 1 0 0 0 2 4 1 3 2 1 0 4 3 0 0 1 1 2 4 0 4 1 1 1 2 0 4 3 3 1 2 0 2 1 2 1 4 1 3 1 1 3 0 1 1 2 1 0 0 2 2 1 2 0 4 0 3 3 1 4 1 3 1 0 4 0 1 0 3 3 3 2 0 3 4 1 1 2 3 4 3 2 0 3 1 2 1 1 0 1 4 3 3 0 2 0 4 0 1 2 2 2 2 1 1 4 3 3 3 1 1 1 4 4 0 3 4 
4 2 3 1 3 2 0 3 4 0 3 4 2 3 3 0 1 2 3 1 3 0 0 1 4 4 4 0 4 4 4 2 0 1 4 3 0 3 0 3 1 1 2 1 3 3 1 4 0 1 4 0 0 4 2 1 4 3 0 2 2 0 4 3 3 2 3 4 1 1 2 1 4 3 4 1 4 2 2 3 2 1 0 4 2 4 3 2 4 1 3 1 4 4 1 1 3 2 3 4 3 3 0 4 2 2 2 2 4 3 1 2 2 2 2 0 3 3 1 3 3 1 4 2 0 2 4 3 1 1 2 3 
0 4 2 4 1 0 3 4 2 0 0 0 0 0 4 3 3 0 2 3 2 0 3 0 3 0 4 1 1 2 3 2 3 2 3 3 3 0 1 4 2 2 1 2 2 2 2 0 2 4 2 2 3 3 0 2 1 0 4 4 2 4 1 4 4 3 2 1 0 0 2 1 0 3 0 2 1 1 1 0 2 4 4 3 2 4 0 3 2 0 4 4 0 3 3 3 0 1 1 2 1 0 3 4 4 4 1 3 2 0 1 0 1 4 0 1 2 2 4 2 4 0 1 3 3 1 4 3 3 1 0 0 
1 0 1 0 2 0 2 1 2 3 0 2 0 3 0 4 0 1 2 4 2 0 2 4 3 1 0 1 1 3 3 3 1 3 0 1 3 3 4 2 0 1 1 1 0 1 2 2 1 3 2 1 3 0 1 1 4 3 0 1 4 3 2 4 4 2 4 2 2 3 3 3 3 4 2 2 0 4 1 0 1 0 1 0 1 1 0 2 3 2 0 1 3 3 2 3 3 0 0 0 2 3 2 0 4 2 0 4 2 1 4 0 0 2 3 1 3 1 3 1 0 4 4 2 4 3 2 1 0 2 0 4 
3 0 4 2 2 1 4 0 4 0 3 3 4 1 1 2 0 4 1 0 3 2 3 3 4 2 2 4 2 0 0 1 0 2 4 1 1 4 4 3 0 4 1 3 3 3 4 0 3 1 2 3 0 4 1 4 3 0 1 2 2 0 1 0 0 4 3 4 4 2 2 3 0 4 3 1 3 0 1 4 0 4 4 4 1 3 0 0 3 0 4 1 4 0 4 1 3 0 4 0 4 3 2 2 0 4 3 4 4 4 0 0 4 3 0 1 0 2 2 4 4 4 0 2 4 4 4 3 4 3 3 4 
2 3 4 3 0 0 2 0 3 3 4 1 0 4 4 1 0 2 0 3 0 4 4 3 1 4 2 0 0 1 4 1 0 4 4 2 0 3 0 2 0 3 3 4 4 2 1 3 0 2 1 4 4 0 4 0 1 3 3 2 1 0 0 3 4 4 2 4 1 3 4 3 4 4 4 4 1 1 2 0 0 0 4 3 4 4 1 0 2 0 2 0 4 4 4 0 1 2 1 0 1 3 0 1 0 0 3 1 3 0 3 4 2 0 1 3 3 0 4 3 1 2 4 2 3 4 4 4 1 2 2 0 
0 1 4 4 2 3 1 3 1 1 4 2 2 2 4 2 3 2 2 3 0 0 4 2 0 4 1 4 2 4 4 2 3 0 4 2 4 4 0 1 4 4 0 3 4 4 1 0 1 2 2 2 3 2 2 0 1 3 4 1 4 2 3 2 2 2 4 1 3 0 0 4 1 4 4 0 0 4 0 2 2 2 4 1 3 0 4 2 2 4 3 3 3 0 1 1 4 0 1 1 0 4 0 0 3 2 2 2 2 2 2 3 2 3 4 4 3 0 2 4 1 4 2 1 4 2 1 1 2 3 1 1 
0 4 4 1 1 1 4 3 3 4 3 3 1 2 1 2 1 3 0 1 0 3 4 2 4 2 2 1 2 4 0 0 0 2 0 1 1 4 1 4 0 2 0 0 4 2 4 2 4 1 1 3 4 0 2 2 1 0 4 0 1 2 4 0 0 2 3 1 3 2 2 2 3 4 3 3 2 1 0 3 4 4 3 3 0 1 0 1 1 2 3 0 1 0 2 1 1 3 0 3 3 3 3 3 2 1 3 3 3 0 1 3 4 4 2 2 2 0 1 0 1 1 1 2 3 0 2 1 0 3 2 0 
4 4 1 1 1 0 3 3 1 0 0 0 4 3 0 0 0 1 0 1 3 0 0 2 4 4 4 1 4 2 3 4 3 1 0 0 1 3 1 0 0 4 1 2 2 4 2 3 3 0 0 0 3 4 3 0 0 1 2 3 2 4 0 2 1 3 1 3 4 1 2 1 4 3 1 0 4 1 1 2 1 0 2 3 0 3 4 2 3 3 3 4 4 0 0 2 4 0 0 2 1 1 3 1 2 1 3 3 3 4 4 4 0 2 0 1 2 2 1 2 4 2 1 4 1 4 3 0 4 0 3 1 
3 2 1 2 2 2 3 3 1 1 3 2 3 2 4 0 2 3 1 3 3 0 4 4 2 4 1 0 0 2 0 1 4 1 0 1 0 2 3 1 3 1 4 2 4 4 3 1 2 4 1 0 4 0 0 0 0 3 1 4 4 0 3 1 0 0 4 3 2 3 2 4 3 0 0 2 3 0 4 0 2 4 0 2 1 2 4 0 1 4 0 3 0 0 1 1 0 2 0 0 2 4 4 4 0 4 0 4 2 0 0 2 1 3 0 2 0 4 3 2 1 2 2 3 2 2 2 3 1 4 3 4 
2 2 2 2 1 2 1 2 2 0 4 4 1 4 4 3 3 4 2 0 2 2 4 0 1 2 0 3 4 2 1 2 4 2 3 1 1 2 3 1 3 2 4 2 0 3 1 0 1 2 2 2 4 1 3 1 1 0 1 3 3 3 2 1 2 1 0 0 0 3 2 2 2 4 4 1 4 3 1 1 3 1 1 0 4 3 1 1 1 2 1 2 1 1 4 3 0 0 3 3 3 1 2 4 2 2 0 4 1 1 4 1 0 4 4 1 2 4 3 1 3 1 1 2 3 3 4 2 2 0 3 1 
4 2 3 1 2 2 3 2 3 1 2 2 3 3 1 4 2 3 1 4 0 1 0 0 1 3 0 2 1 2 0 0 4 0 1 3 2 0 3 3 4 2 1 2 2 1 2 4 3 3 2 4 0 0 4 3 0 3 2 4 2 3 2 1 0 2 1 4 2 0 2 3 1 2 1 2 2 1 1 3 4 3 3 2 0 4 3 0 3 3 3 4 2 0 0 2 2 2 0 1 4 4 0 0 1 0 1 3 4 3 2 3 2 2 2 0 2 4 2 2 3 4 3 1 2 0 3 1 4 2 2 3 
0 4 4 3 2 3 4 1 3 3 0 1 1 4 0 1 4 0 1 4 0 3 4 3 2 2 3 3 3 4 4 1 4 1 3 1 1 4 1 1 0 0 2 0 0 3 2 4 2 1 0 3 0 4 2 0 2 3 2 0 3 3 3 3 4 1 4 2 3 0 4 3 1 0 1 2 4 1 0 0 2 0 2 4 2 1 0 2 2 4 4 1 1 4 1 3 1 4 2 4 4 0 4 0 3 3 4 4 2 0 3 2 3 0 3 4 3 1 1 1 3 0 3 3 4 1 3 4 3 4 0 2 
3 4 2 1 4 1 3 3 3 4 0 2 1 2 1 3 2 2 1 1 4 2 1 4 1 4 0 1 0 3 0 3 1 3 1 2 0 0 2 1 0 0 2 2 4 1 0 2 4 0 1 0 1 3 2 1 4 4 2 0 0 2 1 4 4 3 3 3 4 3 2 4 4 2 4 2 4 1 4 2 3 0 0 3 0 1 2 4 3 4 1 2 4 1 0 3 3 3 2 2 1 1 3 1 2 4 4 0 2 1 1 3 2 2 0 3 2 3 1 1 1 2 2 0 1 1 2 3 4 3 0 4 
2 1 0 3 0 0 2 0 3 4 4 4 1 2 2 0 0 4 3 1 1 2 3 0 3 2 2 2 1 2 0 3 1 4 4 1 0 4 4 3 1 3 0 0 1 3 1 1 4 4 4 4 4 4 2 1 1 1 4 3 2 1 3 0 4 2 4 2 3 2 2 2 4 4 2 4 0 1 0 0 0 4 2 4 0 4 4 3 0 0 0 0 1 1 4 0 4 2 0 2 1 1 0 0 4 0 3 4 4 3 4 0 2 0 0 2 4 4 0 0 4 2 3 1 1 0 2 4 1 2 4 4 
4 0 2 1 2 4 4 4 2 4 3 1 4 0 0 4 2 3 2 0 4 3 4 0 1 0 0 1 4 4 4 2 2 1 3 1 1 4 1 3 0 3 1 0 4 1 1 0 4 3 0 2 4 3 1 4 0 2 4 0 3 4 4 3 1 2 0 1 3 0 0 3 0 1 3 2 0 0 1 2 3 4 2 2 0 3 3 1 0 1 4 1 1 4 0 0 3 2 3 1 3 3 2 4 0 4 1 2 0 1 0 3 2 0 2 4 0 4 1 4 2 0 1 3 2 4 4 4 0 1 0 2 
0 3 3 0 0 1 3 0 1 1 1 0 3 0 0 2 3 1 1 2 2 0 3 1 1 0 2 1 4 1 1 2 4 2 1 0 4 1 0 0 0 3 3 1 3 0 0 4 4 0 3 2 4 4 0 0 4 0 0 0 0 3 0 3 4 3 2 1 3 0 3 0 1 1 4 0 4 3 4 1 3 3 0 4 2 2 4 1 0 2 4 4 2 4 0 1 4 3 0 2 2 0 3 0 2 0 3 3 2 1 4 4 2 4 0 3 3 0 3 3 3 3 2 4 0 2 1 4 1 0 3 2 
1 1 2 4 4 3 3 3 1 4 1 0 0 0 3 3 4 4 0 4 0 4 1 1 4 0 4 1 2 4 3 4 3 3 3 1 1 1 3 0 3 0 3 2 3 0 1 2 2 1 0 1 0 2 4 4 4 1 4 2 2 1 4 2 2 4 2 4 4 1 3 3 4 1 1 3 4 1 0 0 4 2 3 1 2 0 0 0 0 1 4 1 2 0 3 1 3 3 1 2 0 3 2 3 4 0 3 0 0 2 2 2 2 2 4 2 1 2 1 2 0 1 2 0 2 1 2 3 2 2 2 0 
3 3 4 3 0 2 1 1 1 2 4 1 1 0 4 1 4 3 0 3 1 3 0 2 0 2 0 4 2 1 2 3 1 1 4 1 3 0 4 4 1 0 1 0 2 3 0 0 0 3 3 4 2 2 3 3 0 0 4 3 3 0 4 3 2 1 3 2 3 3 2 4 2 1 3 3 3 4 3 2 3 4 0 3 0 1 3 2 3 0 0 1 0 3 2 4 2 1 2 1 4 1 0 0 0 3 0 4 1 1 1 3 1 3 4 2 1 1 3 4 3 0 0 4 1 0 3 1 4 1 3 4 
3 0 0 4 2 3 3 4 3 0 4 4 3 0 3 0 4 4 1 4 2 1 4 3 1 2 0 0 2 4 0 3 1 4 1 0 2 2 4 4 1 1 3 0 3 3 3 0 4 3 3 0 1 0 0 1 2 3 1 2 2 2 2 0 3 2 1 4 4 4 3 1 4 1 1 3 4 0 4 2 1 0 0 3 0 3 1 4 2 2 0 3 3 3 4 0 4 3 2 3 1 3 3 0 4 1 1 1 0 1 2 3 0 4 4 4 2 3 4 0 4 2 4 0 4 0 3 3 0 4 4 2 
2 3 0 1 0 2 0 0 2 2 0 1 0 2 1 0 1 3 4 1 4 4 0 3 4 2 4 2 0 3 3 0 3 4 0 1 2 3 0 2 4 0 1 0 4 4 2 2 1 2 2 4 2 4 1 3 2 3 1 0 4 2 3 0 0 1 1 2 0 1 4 4 3 4 1 1 2 1 4 4 3 4 4 1 4 3 3 1 4 3 1 0 3 3 2 3 2 3 1 4 1 3 3 4 3 0 3 4 4 0 1 4 4 4 4 2 3 2 3 1 2 0 3 0 1 0 0 1 0 3 0 3 
4 1 0 4 1 4 1 4 2 1 2 3 1 2 0 1 3 4 2 3 4 1 2 4 3 3 2 2 2 0 4 4 3 0 0 0 3 3 2 1 1 3 1 3 4 3 0 1 2 4 0 0 3 2 3 3 1 1 2 2 4 0 0 0 4 0 0 0 0 4 3 0 1 2 0 4 2 4 1 1 2 3 3 1 4 2 2 0 4 1 4 4 3 4 1 4 2 3 4 1 0 1 1 2 2 0 4 1 2 3 1 1 2 4 4 3 3 2 3 2 4 4 2 4 0 0 1 2 0 0 2 3 
0 0 4 1 4 0 3 4 1 0 2 2 3 1 4 4 0 2 4 2 2 1 0 1 0 2 2 0 3 3 4 3 1 2 2 4 0 0 1 2 4 2 2 3 0 4 4 0 2 2 4 1 0 2 2 4 3 1 2 2 3 2 2 2 1 3 1 4 1 2 1 0 3 0 4 4 2 4 0 4 1 2 3 1 0 1 3 4 2 3 1 0 0 0 1 2 2 2 3 3 3 0 4 3 1 0 2 1 0 0 1 4 1 1 0 0 2 2 0 3 4 1 1 1 1 0 0 2 1 4 1 0 
2 1 0 2 3 4 1 4 1 3 1 2 0 0 1 4 3 3 3 4 1 3 2 1 3 2 2 0 4 1 0 4 1 2 0 1 0 2 0 3 2 3 1 1 3 4 3 1 1 3 2 1 2 0 2 3 2 1 4 0 0 2 2 2 0 2 4 0 3 1 4 2 3 0 2 3 2 4 0 1 1 2 0 3 2 1 2 2 2 1 4 4 4 0 0 3 2 1 3 4 1 1 4 3 0 4 4 0 4 4 2 3 1 4 2 3 4 3 3 0 1 2 1 0 2 1 1 1 1 3 0 0 
3 4 1 2 3 4 3 2 3 1 1 0 1 2 4 1 4 3 4 0 4 2 4 1 3 3 1 1 4 0 3 0 0 4 0 3 3 0 2 1 2 2 2 2 3 1 4 4 3 0 0 3 1 1 1 1 3 2 0 0 3 1 2 2 3 1 4 4 1 4 3 1 3 3 3 2 0 1 4 0 3 1 4 3 1 3 4 1 3 3 1 1 0 3 3 1 2 0 3 2 4 1 2 0 4 0 0 3 1 1 3 1 2 1 3 4 1 1 1 1 4 4 4 1 0 1 0 3 3 0 2 1 
2 4 0 2 1 3 2 4 3 4 0 0 2 0 3 4 3 1 0 0 2 4 0 3 2 2 2 2 1 2 1 0 4 3 2 1 4 3 0 2 3 0 3 3 2 4 2 0 3 2 3 2 0 0 0 4 3 1 4 1 4 3 4 2 0 0 4 0 0 0 2 4 0 0 2 3 2 4 4 3 2 4 0 2 4 1 1 1 0 3 3 2 4 2 3 0 3 2 3 0 0 2 3 0 2 3 1 2 3 4 2 4 0 3 1 3 3 2 0 0 4 0 0 4 2 3 3 4 4 2 1 0 
0 0 0 4 1 2 2 1 0 3 2 0 3 2 2 0 2 2 0 2 0 3 0 4 2 4 1 1 3 3 3 3 1 0 4 4 3 2 0 4 0 4 4 0 4 0 4 3 1 3 1 1 2 2 4 0 3 4 2 3 2 3 4 4 3 0 4 0 4 0 3 1 2 2 2 1 1 4 1 0 2 2 4 4 3 1 2 3 3 3 3 0 2 1 2 2 3 3 4 1 2 4 1 0 2 1 0 0 3 4 4 1 4 3 4 1 1 0 1 3 2 3 1 4 3 4 3 0 0 1 1 0 
1 3 0 2 1 2 4 2 4 4 3 2 1 3 4 0 4 1 2 0 2 2 3 2 3 2 3 0 4 4 0 0 3 3 0 0 4 1 2 4 2 1 1 2 0 0 0 0 0 1 0 1 1 2 4 1 1 2 2 1 4 0 1 2 3 4 4 0 1 3 3 1 4 3 3 3 2 4 0 4 0 0 1 2 2 1 4 4 2 3 2 0 4 0 0 3 3 1 4 1 0 2 3 0 0 3 2 2 2 4 1 0 0 1 4 1 0 2 3 0 1 0 1 1 1 4 4 1 1 2 0 2 
2 1 0 0 0 2 1 4 0 2 2 2 2 2 4 1 0 4 1 0 1 4 4 1 4 4 4 2 2 3 4 2 1 3 0 3 0 1 1 4 1 2 4 0 1 1 3 1 3 2 2 4 0 2 1 3 0 0 0 0 2 0 0 3 1 1 3 3 4 1 1 0 0 1 2 4 3 4 4 1 0 3 1 0 4 4 2 2 4 2 1 3 4 3 1 0 4 0 2 1 0 0 3 2 0 3 1 1 2 2 1 1 1 0 1 2 2 1 2 1 1 4 3 1 3 4 0 4 3 0 3 3 
3 2 0 3 1 2 1 3 0 3 0 1 1 3 4 0 3 4 0 2 2 4 3 3 1 2 1 4 2 1 3 2 3 0 4 0 1 4 0 1 4 0 2 3 1 1 2 0 4 4 4 4 0 3 0 4 4 0 4 3 4 1 2 0 3 2 0 4 2 3 3 1 3 2 4 2 2 0 4 3 1 2 1 4 4 0 4 0 1 3 2 3 2 0 4 3 1 0 1 4 0 3 1 1 3 2 4 4 0 2 2 3 4 3 3 0 2 1 2 4 4 2 0 4 0 3 1 2 4 1 3 1 
0 4 3 1 2 1 0 2 0 1 1 3 4 1 1 1 3 0 4 3 0 1 1 2 0 2 0 1 3 3 0 2 2 1 2 2 4 2 3 2 2 0 0 4 3 4 4 2 1 2 1 4 3 2 0 1 4 0 3 1 2 2 0 2 1 2 1 2 2 2 0 0 3 3 0 1 1 3 0 0 0 4 4 2 1 3 1 1 3 0 3 0 3 1 1 4 2 4 2 3 2 1 0 2 1 2 4 2 1 2 0 1 1 3 1 2 1 1 2 4 1 1 4 1 2 3 4 1 0 0 0 4 
3 4 0 1 2 1 3 1 0 1 2 2 1 0 4 4 1 4 3 2 2 2 3 3 2 4 1 2 0 2 1 4 3 2 2 3 1 4 4 4 0 2 3 2 0 2 0 3 2 0 1 1 4 3 2 2 1 4 2 0 3 0 4 2 2 3 3 3 2 1 1 2 4 2 1 3 1 4 0 2 3 2 1 3 3 3 3 1 3 4 1 2 4 0 4 4 2 0 3 2 0 2 2 0 3 2 4 0 0 3 1 1 4 1 3 0 4 0 4 0 1 1 0 0 0 3 4 4 3 2 3 4 
2 2 0 2 1 1 4 4 2 4 1 2 1 2 3 1 2 1 4 4 4 3 4 1 0 3 0 1 0 4 0 2 4 4 4 2 2 0 0 1 0 2 0 4 1 2 0 0 3 0 2 0 1 4 1 4 1 3 4 0 4 4 3 2 3 3 3 0 4 3 0 3 2 4 1 3 2 3 4 3 2 2 4 2 4 1 4 0 3 2 0 1 1 2 1 4 3 1 0 0 4 3 1 4 0 1 2 4 0 3 1 0 4 4 4 3 0 2 1 3 3 3 1 2 0 3 0 0 4 0 1 3 
3 2 4 0 1 1 2 1 3 0 2 0 0 1 4 1 1 0 1 4 3 0 2 1 3 0 4 2 3 4 1 1 3 1 4 0 3 2 2 4 4 1 2 1 3 0 1 0 4 1 3 1 4 3 2 3 0 4 2 3 4 3 3 2 1 1 0 2 1 0 3 2 0 1 1 2 2 3 3 4 4 2 3 0 4 4 4 4 3 1 3 2 2 1 4 3 0 4 1 0 3 1 3 3 2 0 2 3 4 0 1 1 0 4 1 4 2 3 3 1 2 4 1 3 2 4 4 4 4 0 4 1 
3 0 1 3 0 2 2 3 1 3 1 1 4 4 0 3 0 3 0 2 4 4 2 2 2 3 2 3 0 1 3 1 1 2 0 4 1 4 0 1 2 2 4 2 3 1 4 0 0 3 0 2 2 3 3 2 4 1 1 0 2 1 4 3 2 1 0 0 4 1 1 1 3 4 3 0 1 4 0 4 1 2 4 0 3 3 3 2 0 0 0 4 0 3 2 2 4 2 1 4 0 1 0 3 2 4 0 3 4 2 3 4 4 1 4 2 1 4 1 2 3 3 0 2 3 2 2 3 0 1 0 1 
1 2 4 1 2 1 2 0 0 2 0 1 3 1 0 2 3 3 4 1 0 0 3 2 3 3 3 4 0 3 4 3 1 3 3 4 3 0 4 3 4 3 4 1 3 4 4 0 2 4 4 4 3 0 1 2 4 2 2 4 2 2 2 0 0 4 3 1 2 1 1 1 1 0 3 4 1 0 0 2 4 0 0 2 1 4 1 3 1 4 0 4 1 4 3 3 3 0 2 1 1 2 3 4 4 3 1 4 3 3 1 1 4 2 4 1 1 1 4 0 2 3 2 0 4 2 3 2 2 1 4 4 
1 0 4 1 1 4 3 3 0 0 3 2 0 0 1 4 1 4 0 4 4 1 3 3 4 4 2 0 4 3 0 2 1 4 2 4 0 1 4 3 4 3 0 4 0 2 4 1 0 2 4 0 4 3 3 3 4 2 0 2 4 1 1 3 0 1 1 0 2 4 4 0 4 3 1 1 3 0 1 0 4 4 3 0 4 0 1 2 4 4 1 4 2 4 1 3 4 1 2 3 4 1 0 2 4 2 2 1 3 4 1 3 3 0 0 1 1 3 3 1 0 2 4 2 2 1 3 3 3 3 0 4 
2 3 1 2 1 0 3 4 3 1 4 0 0 2 4 0 1 2 1 3 2 3 1 0 3 1 4 2 2 3 4 3 3 0 1 0 2 3 2 3 4 1 4 2 0 3 3 0 2 1 3 0 3 1 0 2 2 0 4 0 0 0 0 0 4 3 4 3 4 0 0 1 0 2 4 4 0 2 4 3 4 1 0 2 4 4 2 1 2 4 1 1 2 1 1 0 2 1 4 0 4 1 4 3 2 4 2 3 1 1 0 3 3 1 2 4 0 4 2 3 2 4 1 1 0 1 3 3 4 3 4 2 
4 3 1 0 4 4 3 0 0 3 1 2 4 1 0 3 2 0 2 3 0 4 4 3 4 3 0 0 1 1 0 2 3 2 2 2 1 4 0 2 0 0 2 4 1 3 4 1 1 2 2 1 0 4 1 0 2 0 2 4 4 3 4 1 4 3 1 3 2 1 2 1 3 3 3 0 3 1 2 1 3 4 2 1 2 3 4 4 0 1 0 0 2 0 1 2 0 3 3 1 2 2 0 2 1 0 1 0 0 0 4 3 3 3 1 1 0 1 3 0 1 1 4 1 3 0 4 0 1 3 4 3 
4 3 2 0 2 3 2 4 2 1 0 4 0 2 1 2 1 4 0 3 4 3 3 2 0 2 3 3 3 1 3 2 3 3 2 3 1 0 1 0 0 4 2 3 3 2 4 4 3 1 4 4 4 0 2 1 3 3 1 2 3 2 3 2 3 1 4 1 3 1 4 3 4 0 1 3 4 3 3 0 4 1 0 0 2 2 3 2 3 4 2 3 2 4 0 0 1 4 2 0 0 4 1 2 2 2 1 4 4 2 1 2 2 3 0 2 1 2 2 0 4 3 1 4 0 1 4 4 2 0 1 2 
0 4 3 4 2 3 0 4 3 2 1 3 0 3 4 3 1 4 4 0 1 1 0 2 0 4 0 1 1 0 4 3 2 0 0 1 3 4 0 0 0 2 1 2 2 1 2 3 3 4 1 1 2 4 1 1 2 0 0 0 4 0 4 3 0 3 2 0 4 4 2 2 1 2 2 0 0 3 3 4 2 1 4 1 4 1 1 2 0 0 3 3 1 4 2 3 3 3 1 1 0 4 1 1 4 4 1 0 2 2 1 1 3 3 2 4 2 3 1 0 1 1 0 4 1 2 4 1 0 2 0 3 
3 1 3 0 0 2 1 0 1 1 3 4 3 1 2 2 3 2 4 3 0 3 1 3 2 1 1 3 3 2 2 1 4 2 2 3 0 3 1 2 3 3 3 4 1 0 4 0 1 2 2 4 4 3 3 2 4 1 4 4 0 2 4 0 1 3 1 4 1 4 4 0 3 0 0 2 0 2 3 2 2 2 2 0 1 2 0 2 0 3 4 1 4 0 1 0 2 0 1 2 3 3 2 1 3 3 1 4 2 3 0 0 0 3 3 1 0 0 1 3 3 2 2 1 0 4 3 3 2 0 0 0 
4 3 2 4 0 3 3 2 1 1 0 3 2 0 1 1 1 2 0 0 4 0 3 1 0 2 0 0 0 2 2 2 3 3 0 1 3 4 4 3 0 0 2 3 0 4 2 2 1 2 4 1 3 1 4 0 0 2 1 0 2 4 3 4 2 2 0 4 3 4 2 1 4 2 2 4 3 0 0 0 4 2 3 3 1 0 1 0 4 0 3 4 4 1 1 4 0 3 4 0 0 2 0 2 2 2 4 3 0 4 3 0 1 3 2 2 0 4 1 2 3 0 4 0 0 2 3 2 0 0 1 4 
0 3 4 4 3 3 2 0 0 2 3 4 2 3 0 3 2 2 4 3 4 3 4 1 1 4 4 2 1 2 0 1 0 0 3 4 0 3 0 3 3 1 4 0 1 1 2 3 3 3 0 1 1 1 0 4 1 3 3 0 3 1 3 2 3 1 3 2 3 4 0 2 2 2 0 3 2 2 0 2 1 2 4 3 3 4 2 3 0 4 0 1 3 0 2 1 2 0 2 3 3 1 4 1 4 4 3 0 2 2 0 3 1 1 3 3 1 0 2 4 0 2 4 4 0 1 4 1 3 2 1 1 
2 1 3 4 4 0 0 0 0 4 0 4 0 2 4 3 0 0 0 3 0 2 0 0 3 2 0 1 3 3 2 2 2 4 0 4 1 3 2 2 2 3 2 1 3 0 4 4 4 4 2 2 2 1 0 1 3 2 1 1 2 3 3 4 0 1 1 4 1 1 3 3 1 2 2 2 2 4 0 2 3 0 0 0 4 3 4 4 4 4 2 3 0 4 0 2 0 1 4 4 1 2 1 3 3 0 1 3 4 4 4 4 1 0 4 3 1 2 0 3 2 4 3 3 0 1 2 4 3 4 3 3 
4 2 1 0 1 3 0 1 4 3 4 4 1 3 4 4 1 4 1 0 0 4 3 1 0 1 4 3 4 3 2 0 3 2 2 2 2 4 0 2 3 2 4 1 2 1 3 2 4 2 3 0 4 1 1 2 3 2 1 2 3 2 4 3 1 4 1 4 4 1 2 2 2 0 4 0 3 1 0 0 1 4 4 1 3 2 1 4 1 1 4 0 3 4 1 2 0 2 1 2 4 4 3 3 2 2 1 3 1 3 0 3 3 3 4 4 4 3 4 3 0 4 3 2 3 1 3 1 0 2 2 2 
3 1 4 2 0 2 2 1 4 2 0 4 4 2 4 1 4 4 0 1 1 2 4 4 0 2 4 2 2 1 1 4 2 2 2 3 2 0 1 3 0 1 4 1 1 3 4 2 4 2 4 0 1 1 4 4 4 0 2 4 3 0 3 1 4 0 1 0 0 2 1 2 1 2 2 0 0 0 1 4 3 3 0 0 1 0 3 3 2 4 2 0 4 1 0 2 3 4 1 2 0 0 1 1 3 3 1 1 3 3 0 3 4 3 1 1 4 3 0 3 4 1 3 1 2 1 0 3 3 4 2 1 
2 3 1 2 1 3 2 3 2 2 2 4 1 3 1 1 1 0 1 1 4 1 0 0 2 3 3 0 2 0 0 3 0 2 4 3 3 0 2 2 3 1 2 0 4 4 3 0 4 0 0 3 3 4 3 1 3 4 0 4 1 0 4 2 1 0 3 2 0 3 1 2 4 3 4 0 2 4 0 0 2 4 4 1 2 2 3 4 1 3 0 0 0 2 3 0 3 1 4 2 4 4 1 4 4 0 0 2 4 2 3 0 4 0 0 0 2 4 1 4 1 0 2 4 0 0 2 4 1 1 0 0 
0 4 1 0 4 0 4 1 2 2 0 2 3 1 4 1 3 2 3 4 1 0 2 4 0 2 3 1 3 2 2 4 0 1 2 2 0 1 3 4 2 1 0 2 2 1 0 1 0 4 1 0 4 4 1 0 2 1 1 3 1 0 0 0 0 4 0 4 3 0 1 2 0 2 3 1 4 3 1 2 0 3 0 4 3 2 4 1 0 4 0 2 4 4 0 2 2 4 2 0 4 1 3 1 3 3 4 3 2 1 1 1 1 1 0 2 1 1 0 3 1 0 4 2 3 0 1 4 0 4 4 4 
0 4 4 2 1 2 0 2 0 4 1 2 2 0 0 0 3 3 4 2 3 1 4 4 2 0 1 2 1 3 1 2 3 1 4 2 4 2 0 2 0 4 1 3 4 4 1 2 0 0 0 0 2 3 3 3 4 2 2 2 1 3 0 4 2 3 1 1 2 2 2 2 4 2 2 3 0 3 3 4 3 3 2 4 2 4 0 1 1 2 2 1 4 1 4 0 2 4 4 1 2 3 3 1 3 2 4 0 4 0 2 4 0 3 3 2 2 2 3 3 2 2 4 3 3 0 3 4 3 4 2 2 
4 3 4 1 3 1 2 2 4 1 3 2 1 1 3 0 4 3 0 2 3 2 3 0 1 3 4 1 1 0 1 1 3 3 2 1 3 3 3 0 0 3 3 2 1 1 2 2 2 3 1 0 1 2 1 1 0 0 3 2 3 0 4 4 1 4 3 2 2 3 0 1 0 4 1 3 3 0 1 0 0 4 3 4 0 3 0 1 1 2 3 4 1 4 1 0 0 4 3 1 1 2 2 0 4 2 1 0 3 4 1 1 1 3 0 3 0 1 3 4 4 4 4 0 0 3 3 2 3 1 4 2 
2 0 3 3 4 0 2 3 0 3 2 1 4 2 0 4 3 1 3 3 3 1 3 4 2 2 4 4 3 4 4 3 4 3 1 1 2 2 3 3 2 1 3 1 1 1 2 3 2 1 3 2 2 2 1 1 0 2 4 3 3 1 4 2 4 1 2 4 4 0 3 0 4 4 4 2 1 2 3 2 1 4 2 4 2 4 2 3 3 4 3 3 2 2 3 3 1 1 3 4 3 3 2 3 0 0 4 4 0 0 1 3 3 3 0 0 3 1 0 3 3 1 0 0 3 2 3 0 3 2 0 2 
1 2 3 3 1 3 0 4 3 4 1 0 0 1 2 2 2 3 2 1 2 3 4 1 4 4 0 4 2 2 4 4 3 4 1 0 1 0 4 0 1 3 1 2 2 4 1 0 3 1 4 3 4 2 4 3 4 2 4 0 0 4 0 2 4 1 1 3 2 3 3 4 3 3 0 2 1 2 1 2 3 3 3 0 0 4 3 3 1 4 2 1 2 3 0 1 0 4 3 2 3 2 3 2 3 0 2 1 3 2 1 3 4 2 4 4 2 0 4 1 4 1 1 2 4 1 3 0 1 2 4 4 
2 0 1 4 0 1 1 0 0 4 4 2 4 1 4 0 2 3 0 1 4 0 0 2 4 4 1 3 3 1 2 4 4 0 0 0 4 2 1 4 3 4 1 3 1 4 2 2 1 1 1 4 4 2 1 4 2 1 2 2 2 4 3 4 0 2 1 4 1 2 3 0 4 4 3 2 1 2 1 4 4 4 4 2 4 4 2 1 1 2 4 4 0 0 1 0 4 3 1 4 3 4 1 2 4 4 0 2 1 0 4 0 2 0 4 1 3 3 3 1 0 0 3 0 1 0 0 4 3 1 2 1 
0 4 4 3 3 0 1 2 0 0 3 3 4 2 0 1 2 4 4 4 3 0 0 0 0 2 0 2 0 2 4 1 1 1 2 3 3 4 2 4 4 4 1 2 1 2 2 4 4 0 2 3 1 4 0 1 0 2 0 2 3 4 3 4 1 3 3 0 1 2 4 2 4 0 0 4 3 3 0 0 3 2 1 4 0 4 2 2 2 3 0 2 1 1 1 0 4 1 3 3 1 0 3 3 3 3 4 3 2 1 2 2 2 4 0 4 1 1 4 0 3 4 4 1 3 0 1 0 1 1 3 0 
2 3 1 1 3 0 1 3 2 2 4 0 1 0 3 3 0 2 4 0 1 4 0 0 4 4 4 0 0 3 1 3 3 4 0 1 1 0 0 3 2 4 0 1 1 2 2 1 1 4 0 1 3 4 4 2 0 4 3 0 2 3 2 2 1 1 0 4 0 2 2 1 0 4 1 1 4 4 3 3 3 3 4 3 0 4 4 2 0 4 2 0 1 0 0 4 3 4 1 4 2 0 3 1 0 0 0 2 4 4 3 4 4 1 0 2 0 2 2 1 4 4 0 4 1 4 0 3 0 1 1 2 
1 3 2 1 2 4 4 4 0 1 4 1 1 3 2 4 2 2 0 1 1 2 4 0 3 1 0 2 4 1 3 1 0 4 1 4 3 4 0 0 4 0 4 3 4 4 0 4 0 2 3 1 4 3 4 2 4 2 2 1 3 2 3 2 3 4 0 3 0 0 0 2 4 1 1 0 3 4 1 1 3 0 2 2 0 4 0 0 3 4 2 2 1 3 0 2 2 2 3 2 2 1 1 2 0 2 2 2 1 0 3 1 0 4 3 0 1 1 1 1 4 1 4 1 3 2 1 2 3 1 4 3 
3 4 2 2 3 0 1 2 1 2 4 2 2 3 0 1 4 4 4 3 1 4 1 2 2 4 3 2 0 1 2 2 1 4 1 2 2 2 3 3 1 2 4 1 3 2 4 0 3 2 4 2 4 3 2 3 0 1 1 4 2 1 0 1 1 0 3 1 4 3 4 1 4 0 1 3 0 1 0 2 3 1 0 2 2 2 3 2 3 2 2 3 0 3 2 2 0 4 2 2 0 0 4 1 4 1 0 1 1 1 1 1 1 4 2 3 4 3 0 2 2 1 0 2 3 4 4 3 3 0 1 2 
2 2 3 3 0 4 2 3 1 2 4 3 2 2 0 0 0 4 2 4 0 3 3 2 3 3 1 2 1 3 0 1 2 3 3 3 0 4 0 3 3 1 4 0 3 0 4 3 0 2 2 4 2 2 4 2 4 0 1 4 2 4 0 4 1 3 0 0 4 1 3 1 0 2 4 1 0 3 4 2 4 0 0 0 1 2 3 4 1 2 4 0 4 1 4 1 2 0 0 1 0 4 1 1 0 1 3 2 3 4 3 4 0 2 3 1 3 2 3 2 2 1 2 3 1 0 1 2 0 2 3 1 
2 1 2 4 1 2 3 2 3 4 3 3 1 0 3 3 2 0 4 2 2 1 2 3 1 3 2 0 0 2 0 0 2 1 3 2 4 1 2 0 2 3 2 4 4 3 0 0 1 4 2 2 0 2 4 4 2 4 0 4 4 2 1 3 3 1 1 1 4 3 3 1 1 3 1 1 0 0 1 2 3 4 4 1 4 4 3 1 2 0 0 3 2 0 2 3 1 0 0 2 2 3 2 4 2 4 4 4 1 0 4 2 2 0 4 4 1 1 4 0 1 0 4 0 1 3 3 1 0 4 0 3 
4 4 1 2 2 2 2 0 3 1 2 2 0 0 1 0 2 2 4 1 2 1 0 4 4 3 1 3 3 2 4 4 3 2 0 2 0 2 4 1 1 3 0 2 3 4 3 3 4 4 3 4 2 4 2 0 2 2 2 3 4 4 1 1 1 3 1 3 0 1 0 0 2 1 0 3 1 2 3 2 2 4 0 1 3 3 1 2 1 2 2 2 3 1 1 3 0 0 4 4 2 4 3 1 0 1 2 0 2 1 4 4 3 4 3 2 3 1 4 2 2 1 4 0 3 4 2 1 0 4 2 3 
2 0 0 1 4 1 3 1 1 2 3 2 0 2 1 0 4 1 1 1 4 0 0 1 4 4 3 2 3 0 1 2 1 4 0 2 1 2 2 2 3 3 0 1 1 4 3 2 2 0 4 4 3 1 0 2 1 1 1 3 1 3 0 4 1 0 4 0 3 4 1 3 1 4 4 2 2 1 3 3 0 0 4 3 4 3 1 0 3 3 2 2 1 1 0 2 0 1 0 4 2 1 2 0 1 2 4 4 4 1 4 3 1 4 2 3 0 2 1 1 2 2 2 4 3 1 1 4 3 4 3 4 
1 3 2 1 1 4 0 0 2 3 0 3 0 3 4 4 4 2 4 3 4 3 2 1 3 2 4 1 2 0 3 1 4 4 0 3 1 1 3 4 2 4 3 2 2 2 2 0 0 2 0 0 2 4 2 3 4 3 2 3 1 0 1 2 1 4 2 3 3 4 3 1 4 4 1 2 4 0 1 1 3 0 3 4 1 3 1 4 1 3 4 4 1 2 4 4 2 3 1 3 0 2 0 0 0 2 2 0 0 0 1 0 4 0 3 3 4 2 4 1 3 2 3 4 4 4 4 0 4 1 4 3 
0 1 4 0 4 1 3 0 1 0 3 2 1 3 1 0 3 3 3 2 0 3 2 3 4 3 3 0 4 0 2 1 3 2 2 1 1 2 4 1 4 2 1 1 1 2 4 1 3 1 4 0 2 4 1 4 1 4 1 3 4 2 1 2 2 0 0 1 2 0 3 4 1 3 4 4 4 0 1 2 4 1 1 1 3 3 3 0 2 1 1 0 2 3 1 3 4 4 4 0 0 4 1 3 2 1 1 0 0 3 3 4 1 0 2 3 1 3 4 1 1 4 2 0 3 0 4 3 3 3 1 0 
4 3 3 2 3 2 4 2 3 2 1 2 3 0 4 0 3 1 2 4 3 3 3 4 3 4 3 4 2 2 0 0 0 0 4 0 3 0 0 0 4 1 1 0 0 3 2 4 3 2 3 1 1 4 2 3 2 3 1 2 3 2 3 3 0 0 0 4 4 1 3 0 2 0 2 1 3 0 2 1 1 1 3 1 0 0 4 3 3 4 1 3 3 2 2 1 3 3 3 3 1 0 4 4 2 1 3 2 3 2 3 1 4 4 4 2 4 0 3 1 1 3 0 4 2 2 3 0 4 1 0 4 
0 4 1 0 3 1 2 3 0 0 2 0 1 0 0 1 2 3 2 2 3 2 4 1 1 3 0 4 3 3 3 2 2 1 3 1 3 2 4 0 1 4 2 4 4 3 4 2 3 2 3 1 3 2 4 1 1 0 4 1 2 2 4 0 3 3 0 4 0 0 4 0 2 1 3 1 0 2 0 3 3 4 3 1 0 4 0 2 2 2 4 1 1 2 2 1 4 0 4 4 0 0 3 1 4 4 3 3 2 2 1 0 3 3 1 4 0 0 2 1 2 4 1 1 0 4 0 2 2 2 2 2 
1 1 2 2 2 4 3 1 2 2 3 0 3 2 2 4 1 2 1 0 1 1 1 2 0 2 1 4 1 2 2 3 4 3 0 3 4 3 0 2 1 2 3 0 4 4 4 1 4 2 1 4 4 2 0 2 1 0 4 3 1 3 1 3 2 0 2 3 3 2 0 1 4 4 3 2 0 2 3 2 0 2 2 4 1 2 0 3 2 2 4 1 2 2 2 1 2 4 4 1 4 2 2 2 4 1 2 3 0 2 1 1 0 0 3 1 3 2 3 3 4 1 0 3 1 2 3 1 3 4 2 0 
2 2 1 4 1 4 0 4 4 1 2 0 3 0 1 3 3 3 0 4 1 4 2 4 4 1 4 4 1 1 1 2 0 1 1 0 1 3 2 0 3 1 3 2 0 2 0 2 1 4 2 0 0 2 4 0 4 2 2 3 2 4 3 4 2 2 3 2 3 0 3 2 3 1 1 4 0 2 4 4 2 4 0 4 2 3 3 1 3 2 0 4 0 0 1 3 2 4 2 3 4 3 1 2 1 4 3 2 4 2 1 0 1 2 4 3 1 4 3 4 0 3 2 0 1 4 1 4 2 0 4 0 
2 3 2 0 2 0 2 0 2 3 3 1 0 4 3 3 2 2 0 4 3 2 3 3 0 4 3 3 2 3 2 4 3 0 1 4 2 1 1 3 1 2 0 2 3 1 4 4 0 4 0 2 3 0 4 2 1 4 3 4 1 1 0 1 1 4 1 4 3 3 0 4 4 3 2 4 1 4 2 3 0 2 4 0 3 1 4 3 1 3 0 3 0 0 1 0 2 4 4 1 0 0 1 0 2 3 0 3 2 2 0 1 1 2 4 0 4 3 4 2 2 3 2 3 4 3 3 4 4 2 2 0 
2 0 1 4 3 1 0 1 0 3 4 4 2 2 0 3 1 1 3 0 4 2 4 4 4 4 4 4 0 3 0 2 1 2 0 2 4 2 4 0 4 1 2 1 0 1 3 2 4 1 4 1 0 1 0 2 2 2 1 0 0 0 2 1 4 4 0 0 1 2 4 3 4 4 1 1 2 2 2 0 4 1 4 2 0 3 4 4 2 4 3 4 0 0 3 2 4 4 1 3 2 0 1 0 1 2 0 2 4 3 2 2 4 0 2 1 2 1 3 0 1 1 4 4 1 0 4 3 2 0 1 4 
0 1 4 4 0 2 3 2 2 2 0 4 1 0 3 3 0 1 3 3 4 1 4 1 3 1 2 2 2 3 2 4 1 0 1 1 0 4 4 4 4 0 3 4 1 1 0 0 2 2 3 0 0 3 1 1 4 4 3 2 2 2 1 3 0 3 4 3 0 4 1 2 1 0 3 4 1 0 1 2 1 4 4 4 4 2 1 3 4 3 1 2 0 0 3 1 2 3 2 0 0 2 3 1 4 0 2 2 0 1 1 2 0 4 2 3 0 4 2 2 4 2 3 3 2 0 3 2 4 4 3 0 
0 0 4 1 1 2 1 0 2 4 0 3 0 1 2 1 3 0 3 2 1 4 0 2 0 3 0 3 0 3 1 3 4 2 2 3 0 0 2 3 1 3 0 1 3 3 4 0 3 3 3 3 4 2 4 0 3 2 2 3 4 4 1 1 2 4 3 4 4 3 0 1 4 3 0 3 3 3 0 4 2 3 3 4 1 1 4 3 3 4 2 2 1 0 3 1 4 1 1 0 1 2 3 4 3 1 3 4 2 2 1 3 1 4 4 0 3 2 4 4 3 4 1 3 3 2 1 2 4 4 1 3 
3 1 0 1 2 2 2 4 1 4 4 2 4 1 0 1 3 3 3 2 1 1 4 0 4 3 4 0 0 2 3 2 2 3 3 2 3 3 0 1 0 1 1 3 1 1 1 4 0 3 2 3 3 2 0 1 0 0 4 2 0 0 0 1 3 2 3 4 4 0 3 0 3 0 1 4 2 3 0 4 4 4 2 1 0 0 3 3 2 2 3 3 4 4 2 0 1 2 3 3 3 1 3 4 2 2 0 4 2 1 0 2 2 0 2 0 0 2 4 4 3 3 0 3 0 1 2 3 1 0 3 4 
2 0 1 0 0 1 3 4 3 3 4 4 2 2 0 4 1 3 4 2 1 2 4 2 0 0 2 1 1 4 0 0 2 1 3 2 1 4 0 2 0 4 4 3 3 2 3 3 0 0 0 2 4 0 2 3 2 1 1 0 0 3 3 1 0 3 1 2 2 4 1 4 4 4 0 0 1 2 2 4 4 2 3 4 0 2 1 3 0 1 1 4 0 2 0 0 0 3 4 3 3 2 1 1 4 4 0 1 1 1 2 2 3 1 0 0 4 1 4 2 0 3 0 1 3 3 3 3 0 0 3 2 
2 4 4 4 3 1 0 3 0 3 1 1 4 2 4 0 0 0 0 1 1 3 0 2 1 3 3 1 4 1 1 1 3 1 2 0 0 1 3 0 4 1 0 4 1 0 0 1 2 2 0 4 0 1 4 3 4 1 3 3 4 1 4 3 2 4 0 3 3 1 2 1 1 4 2 1 3 2 1 3 3 0 3 1 4 1 0 0 3 2 2 3 1 3 4 1 0 4 0 2 3 0 4 0 2 1 3 3 2 1 0 1 0 4 1 0 3 2 2 3 2 2 4 4 2 2 4 4 1 4 0 1 
2 2 0 3 2 0 0 4 3 2 1 4 0 1 0 1 1 3 1 0 2 0 1 1 4 2 4 3 1 2 2 1 3 0 4 4 0 1 2 0 0 3 1 2 3 3 2 4 2 1 3 1 3 3 3 2 2 2 2 0 2 0 1 3 2 4 1 2 4 1 2 1 3 0 4 2 0 1 4 0 1 1 1 3 4 0 0 4 0 1 2 3 4 3 3 2 0 4 3 1 0 3 1 2 2 4 4 1 1 2 2 3 4 4 1 2 1 3 0 4 3 4 3 2 2 4 3 2 2 1 2 0 
4 1 1 4 2 4 3 1 2 1 4 3 3 1 4 4 2 4 3 0 4 1 1 2 2 2 3 3 2 2 3 0 2 3 3 3 4 4 3 2 2 3 1 3 1 2 0 2 4 2 4 3 4 2 1 1 4 4 3 3 4 2 3 2 4 4 3 0 4 2 2 1 3 4 4 3 3 3 4 0 3 3 0 1 0 4 2 1 2 3 2 3 1 0 4 1 0 3 3 3 2 0 2 0 4 4 4 4 2 3 0 2 4 4 0 4 3 4 2 0 2 2 1 0 4 4 3 1 3 1 2 0 
3 4 2 1 1 1 2 3 0 4 0 2 4 1 2 1 4 0 4 1 3 1 4 2 3 1 3 0 0 2 0 4 4 3 0 1 1 2 2 4 1 4 1 3 1 3 3 1 4 4 3 1 3 3 1 0 3 1 1 4 3 4 2 4 2 2 0 2 1 3 3 3 0 4 2 3 2 1 1 2 0 3 4 1 1 4 0 3 1 3 4 3 4 4 3 1 0 1 2 0 1 2 3 4 1 2 1 2 4 0 3 0 4 2 4 4 0 1 4 0 2 3 3 1 2 2 3 2 1 4 2 4 
3 0 0 4 4 0 2 1 2 0 4 4 0 3 2 2 1 2 3 1 3 1 2 3 3 1 0 3 4 3 1 0 3 0 1 0 2 0 0 0 2 4 2 4 4 0 2 2 4 1 2 2 1 2 2 0 2 0 3 4 1 3 1 2 4 1 0 4 3 3 1 4 1 2 1 2 2 2 4 1 2 2 3 0 1 4 1 0 3 2 2 2 1 4 0 4 4 0 2 0 4 0 3 3 3 1 2 0 1 2 3 1 4 3 0 4 3 4 3 2 2 4 0 1 4 3 0 2 0 0 1 2 
4 0 0 1 2 1 4 4 3 2 4 1 4 3 2 3 3 0 2 4 2 3 3 0 4 2 2 1 0 1 4 3 2 1 0 2 4 0 2 4 3 3 0 4 3 3 4 4 3 4 0 1 1 4 2 3 3 4 0 0 1 0 4 3 2 1 3 1 2 3 0 0 2 0 0 3 4 1 0 2 1 0 4 1 4 2 2 0 2 1 1 0 4 2 0 4 0 0 2 1 0 3 1 3 3 0 1 4 0 4 0 4 0 4 4 4 0 2 3 2 1 0 4 2 3 1 0 2 1 1 0 3 
2 3 2 2 2 0 1 2 0 1 2 2 4 4 4 2 3 4 1 4 2 0 4 2 3 3 4 2 3 0 4 3 0 3 1 0 4 1 2 0 0 0 3 1 1 0 1 3 0 4 3 2 4 3 3 0 3 2 2 3 1 3 2 4 3 4 0 2 0 1 2 3 0 1 3 4 1 3 2 1 2 2 3 3 3 1 1 1 0 2 2 4 0 0 0 0 3 1 4 4 4 0 3 1 2 0 4 0 2 1 4 4 3 0 3 4 0 0 2 0 0 0 1 3 0 0 1 2 3 4 4 3 
2 1 3 4 1 4 2 1 2 4 1 2 0 0 3 0 2 3 2 3 2 2 3 1 4 1 3 4 3 1 0 2 3 3 1 1 0 0 4 4 0 0 2 0 2 4 4 2 4 1 2 2 1 1 3 2 2 4 4 1 0 4 3 4 4 0 0 1 1 1 2 0 1 1 4 3 4 3 1 1 0 4 3 1 3 0 4 4 3 1 0 4 4 3 4 4 3 3 0 2 2 3 1 2 2 2 2 3 0 3 2 3 3 0 3 1 3 1 2 4 3 1 0 3 1 3 2 2 2 1 1 3 
1 0 3 0 4 1 3 0 4 0 3 4 2 4 4 0 1 0 2 2 1 2 0 0 0 1 1 0 1 3 2 3 2 0 1 1 0 1 3 1 4 3 0 0 4 4 3 1 0 3 0 2 0 0 1 3 0 3 2 4 0 0 1 0 2 1 2 4 1 3 2 0 3 4 4 2 1 2 4 3 4 2 1 1 4 2 4 3 2 0 0 0 3 1 3 4 0 1 4 1 2 3 2 2 4 2 3 4 1 1 4 3 2 2 2 1 3 4 2 0 3 1 1 3 2 2 3 3 0 2 4 0 
0 2 4 1 4 2 4 2 0 2 2 3 0 1 0 1 2 1 1 0 0 1 1 2 2 0 2 2 2 2 2 3 4 4 0 0 1 2 3 2 2 4 2 0 3 3 4 0 3 0 2 1 3 3 3 2 4 1 1 4 2 0 0 3 4 3 1 3 1 3 2 2 3 1 0 2 3 4 1 0 2 3 0 2 0 4 0 4 1 0 4 2 0 0 4 2 1 1 1 3 0 0 3 0 1 3 1 2 0 3 2 3 2 2 1 0 1 4 0 2 0 4 3 2 4 2 3 2 4 0 3 3 
1 4 0 0 4 4 2 2 1 1 2 1 3 0 0 1 1 1 0 1 1 4 0 2 4 3 0 2 2 4 0 3 4 3 1 0 2 4 2 4 2 4 4 1 4 1 3 0 2 1 1 2 2 2 0 2 3 3 3 3 1 1 2 3 4 3 2 4 4 3 1 2 1 3 3 4 0 0 3 0 0 4 3 1 0 2 4 3 0 3 4 4 2 1 4 0 3 4 2 0 0 4 0 3 1 1 1 2 0 3 0 4 3 3 0 1 2 3 3 0 0 2 4 4 3 4 2 1 0 3 2 1 
1 4 0 0 0 0 2 3 0 2 0 0 4 3 2 4 3 2 3 4 2 3 0 1 0 4 1 3 1 4 4 0 2 4 3 3 4 3 4 0 2 3 1 0 4 4 0 2 0 1 4 3 0 3 1 4 1 3 4 2 1 0 3 2 0 4 1 4 4 1 0 1 0 1 1 3 0 2 2 3 1 4 1 3 2 0 3 0 4 2 4 3 3 4 3 1 4 4 1 3 1 2 0 0 3 3 3 1 2 3 4 1 1 0 4 0 2 4 0 1 2 2 1 4 3 2 2 1 3 3 4 2 
2 3 1 0 2 3 0 4 2 2 1 3 1 1 2 1 2 4 3 2 2 0 2 0 0 2 3 4 3 3 4 3 4 4 3 4 1 2 1 2 1 3 2 2 4 2 4 3 4 0 3 1 1 0 4 1 4 0 4 4 1 3 2 1 2 1 3 3 2 4 0 3 0 1 1 1 0 4 2 0 4 2 0 0 4 4 2 1 1 3 2 2 3 1 1 2 4 3 2 3 0 1 4 0 1 0 4 0 1 1 0 3 4 2 0 3 4 1 2 4 3 3 4 3 2 0 2 0 4 4 3 0 
3 4 2 4 4 0 0 3 2 0 3 4 1 0 3 4 4 4 2 3 3 1 4 3 1 3 4 2 4 2 4 0 4 3 1 3 1 0 3 1 0 0 4 2 3 3 0 4 2 4 0 0 0 2 4 3 0 2 1 2 0 1 2 4 2 0 4 4 4 2 2 3 4 4 0 0 3 3 3 4 4 0 0 0 1 4 3 1 3 1 1 2 2 0 1 2 3 0 2 0 0 1 1 2 0 1 2 1 1 1 3 4 1 4 3 4 0 2 1 0 0 1 4 3 2 4 3 1 4 3 4 0 
1 4 4 1 2 4 3 3 0 1 3 4 2 4 3 3 1 4 2 3 4 1 3 2 0 3 0 1 1 1 1 0 4 3 2 0 4 3 0 1 2 1 0 1 2 4 3 2 3 0 0 4 2 0 3 1 3 4 0 3 3 1 3 3 3 3 4 3 0 4 3 0 0 4 0 4 1 0 1 3 2 1 3 2 0 2 4 3 1 1 0 0 2 1 0 0 0 3 0 4 0 3 2 3 0 4 4 1 2 4 1 3 2 2 4 0 3 4 3 2 1 3 1 1 2 4 4 2 2 1 1 1 
3 0 1 2 2 0 1 2 2 3 2 2 3 3 2 1 4 0 1 1 0 1 4 3 4 3 3 2 2 2 2 0 1 0 3 4 3 2 0 3 3 2 1 1 1 0 0 2 3 2 2 4 3 0 3 2 1 4 3 2 4 4 0 2 0 1 0 3 4 2 0 0 1 4 2 1 4 3 3 3 3 4 4 2 3 1 4 1 4 2 3 3 0 1 4 2 2 4 3 3 4 3 3 4 0 2 4 0 2 0 4 3 1 3 2 0 4 4 2 4 0 2 3 4 3 4 1 2 1 4 2 2 
0 3 2 0 2 2 3 4 2 3 0 3 2 4 1 0 0 3 2 3 3 0 1 2 4 0 1 1 3 0 1 1 4 1 4 2 1 3 4 1 2 0 0 1 2 3 2 4 3 0 1 0 2 4 1 0 3 1 3 4 4 0 3 4 0 4 1 3 3 1 4 0 0 0 4 1 1 2 0 2 1 4 2 2 2 1 3 4 2 0 1 0 0 2 2 3 2 4 4 0 0 2 4 0 0 0 3 2 1 3 4 2 4 2 0 4 3 4 0 0 3 1 1 2 1 0 0 4 0 0 2 1 
4 1 3 4 0 3 4 2 1 4 0 2 0 4 3 2 1 2 2 0 2 0 0 2 3 2 0 0 3 0 4 3 2 1 1 4 0 3 0 2 0 2 4 2 4 2 2 4 1 4 3 2 0 4 1 2 3 1 3 3 1 3 4 4 2 0 4 2 4 1 0 1 4 3 3 1 1 1 0 3 4 1 0 0 3 3 4 4 4 3 0 4 3 0 3 2 2 1 4 4 0 1 4 3 3 1 1 0 2 1 1 0 2 2 0 3 3 1 1 4 2 0 3 3 3 0 0 4 4 3 4 3 
0 0 0 1 3 0 2 0 3 0 1 1 2 1 0 1 3 0 3 1 4 2 1 0 1 4 0 2 3 3 1 3 3 1 1 2 1 3 0 0 2 0 3 1 1 4 1 0 2 4 2 1 1 3 3 1 3 0 1 1 3 1 0 4 2 1 0 0 3 3 4 0 3 0 3 2 3 1 2 0 2 3 1 1 1 1 3 2 4 2 0 1 3 3 0 0 2 2 2 3 2 2 3 3 4 4 2 2 3 2 0 0 3 3 3 1 1 3 0 0 0 0 0 4 2 1 1 3 2 0 1 4 
0 0 2 3 4 1 4 2 0 2 3 1 3 0 2 4 1 4 1 2 3 1 4 3 3 0 1 0 1 4 2 0 4 0 3 2 3 2 4 1 4 0 2 3 1 4 0 2 2 2 3 0 3 1 4 3 3 0 3 1 3 0 0 2 4 2 0 3 1 2 3 0 4 1 4 1 2 2 2 1 0 1 4 1 3 0 2 0 2 3 3 1 4 0 0 2 3 3 1 2 2 4 4 0 0 4 1 3 2 2 3 3 3 1 3 1 2 2 2 2 0 0 3 2 3 2 0 1 1 2 4 1 
2 4 1 2 3 2 4 1 4 2 1 2 3 1 2 2 2 0 2 3 1 3 2 4 2 3 3 0 4 2 1 1 0 3 2 2 1 3 1 1 0 0 1 2 1 3 3 0 2 3 4 3 0 4 1 2 3 2 1 0 1 3 0 0 3 2 1 3 3 2 3 2 2 3 0 3 1 2 3 4 1 4 4 1 4 3 0 2 3 0 1 2 0 3 3 0 4 0 1 3 2 0 3 4 0 1 2 3 0 4 4 1 3 4 0 4 0 4 2 3 4 1 3 0 3 0 1 0 3 0 0 4 
1 1 1 2 1 0 3 4 1 0 3 3 1 3 2 0 0 0 4 2 1 0 0 2 0 1 4 4 3 3 1 2 2 2 3 3 3 4 4 2 1 2 4 3 2 4 3 2 2 2 3 2 4 4 3 1 3 2 4 4 0 0 3 2 4 0 1 0 3 4 0 3 0 0 3 2 4 2 2 0 0 1 2 2 2 3 2 1 2 3 1 2 0 2 2 3 1 2 0 3 3 2 0 4 3 1 0 2 1 1 3 3 2 1 2 1 0 1 2 0 3 4 1 4 1 4 4 4 3 1 2 0 
0 4 4 1 1 3 3 4 4 3 4 4 2 4 2 4 2 3 1 0 4 2 1 3 3 2 4 1 4 0 0 4 4 0 2 4 3 0 0 1 2 4 2 0 0 3 2 3 3 0 2 0 4 4 0 2 1 4 0 4 0 0 2 3 3 4 3 3 1 3 4 2 2 2 3 2 0 2 4 1 3 3 0 0 4 1 2 0 1 1 0 0 3 2 4 4 4 2 0 1 3 3 1 1 4 0 0 2 3 0 0 1 4 3 3 4 0 1 1 4 4 0 4 2 2 4 1 0 0 0 1 2 
1 0 1 2 2 0 2 3 0 4 4 4 0 0 3 1 0 2 2 3 0 2 1 4 2 0 4 0 4 0 2 0 2 0 4 4 0 4 2 2 0 4 3 3 3 3 2 4 0 3 1 1 3 4 1 4 0 3 4 1 2 0 4 4 3 1 2 3 4 4 4 3 1 1 4 3 4 2 4 2 4 4 0 4 2 1 4 0 3 3 2 4 0 0 0 4 4 2 3 3 0 0 0 0 2 1 1 4 3 1 3 2 3 2 0 0 2 1 2 2 1 0 0 2 2 4 2 1 2 1 3 4 
2 1 3 1 3 1 0 3 4 4 3 4 1 3 2 1 3 4 2 3 4 3 0 4 0 3 2 3 4 3 0 4 1 1 3 2 3 3 4 2 2 3 1 1 2 1 3 2 3 1 1 3 2 4 3 0 3 3 2 3 3 4 4 4 4 1 2 4 4 2 0 1 3 3 2 3 1 0 0 4 4 0 4 4 4 0 3 0 0 3 3 1 3 2 1 1 2 2 0 4 0 2 3 2 4 3 2 1 2 2 0 3 4 0 4 0 2 2 3 3 2 3 0 3 1 0 0 3 1 3 0 1 
1 4 0 4 0 2 4 1 4 2 3 2 3 1 4 1 1 2 3 4 2 0 4 3 3 2 1 0 1 2 4 3 3 2 1 3 0 1 1 0 4 4 1 2 1 2 1 3 0 1 0 3 4 0 1 0 3 1 0 2 4 1 4 4 0 4 4 4 4 1 4 2 1 4 4 4 2 4 2 0 4 4 2 0 2 4 3 4 3 1 4 0 1 3 1 4 4 4 0 4 2 2 1 2 4 3 0 4 1 0 2 0 1 4 3 1 1 1 0 1 0 0 4 0 3 0 1 2 3 4 0 1 
3 1 3 4 2 3 1 0 0 4 0 4 2 2 4 4 1 3 2 0 2 0 4 1 0 2 2 2 0 3 3 4 3 3 0 3 4 0 0 0 0 4 2 3 1 2 1 1 3 3 1 0 4 0 1 4 2 3 3 4 4 2 1 1 4 1 3 2 0 3 4 4 0 0 2 4 3 1 4 4 3 0 2 1 1 2 1 3 0 1 3 3 4 2 1 3 1 1 0 2 1 2 3 2 3 1 2 2 4 0 3 3 1 2 1 4 4 2 3 1 3 4 4 1 1 4 2 2 3 4 1 0 
2 1 3 1 3 3 3 3 3 0 2 0 2 4 2 1 2 1 4 1 0 1 3 1 1 0 4 4 1 2 1 4 2 2 4 4 3 2 1 3 4 0 2 1 2 2 2 1 2 0 3 4 1 1 2 1 3 0 0 1 3 2 0 1 3 3 0 1 1 1 4 4 1 3 3 2 3 4 0 2 2 1 0 2 2 4 2 3 1 1 1 2 0 0 4 0 1 4 3 0 2 0 4 3 3 0 0 0 0 0 2 0 0 4 4 3 2 3 3 0 0 0 2 1 0 2 0 4 1 4 2 2 
1 1 1 4 2 3 1 4 3 2 2 3 1 1 0 3 3 1 4 1 0 1 0 2 2 3 3 0 3 2 2 2 3 0 3 1 2 0 1 4 3 1 4 0 4 4 2 3 1 2 4 1 4 0 1 0 3 2 2 3 4 4 2 4 4 1 3 1 2 0 3 1 4 4 4 4 0 4 4 4 3 3 4 0 4 1 3 0 4 1 4 0 4 2 3 2 3 1 2 2 4 2 4 1 4 1 0 4 0 0 2 1 3 4 2 0 4 1 3 4 1 1 4 3 4 2 1 3 1 2 0 2 
2 4 0 3 1 4 0 1 4 2 1 1 3 0 4 0 0 3 3 0 2 1 0 1 3 3 0 2 4 3 3 4 0 4 2 2 1 1 4 4 4 0 2 3 3 0 1 2 1 2 4 3 4 2 1 4 3 4 2 0 1 3 4 4 3 4 1 3 4 0 2 2 4 0 1 1 1 0 3 1 3 0 0 1 2 1 3 1 3 3 3 3 0 4 1 3 0 2 2 1 1 2 3 2 4 0 2 1 3 1 0 4 4 1 4 0 1 0 3 2 3 3 3 0 4 1 0 0 2 3 3 2 
0 4 3 2 1 1 3 1 3 0 3 2 2 2 4 0 3 1 3 3 1 4 2 3 0 4 3 4 4 2 3 0 4 3 3 3 0 2 0 1 0 1 4 2 2 1 2 1 0 4 4 2 3 1 3 1 1 2 0 1 1 2 2 3 0 4 1 0 3 1 2 1 3 1 1 0 3 1 3 3 1 1 0 1 2 3 0 4 0 1 2 2 1 2 2 3 2 0 4 3 3 2 4 4 3 0 1 3 4 3 3 0 1 3 1 1 0 0 3 2 3 4 0 0 0 3 0 0 0 3 2 4 
3 0 0 0 3 3 1 1 2 0 3 3 0 3 2 4 0 2 1 3 1 4 1 1 0 2 4 1 0 4 2 0 2 4 1 2 3 1 0 0 1 2 0 1 1 1 4 4 0 1 1 3 2 3 3 1 4 2 1 4 3 3 0 2 2 4 3 1 4 1 0 1 2 3 0 4 3 3 2 4 0 0 4 2 1 2 1 4 0 3 4 3 2 3 3 4 4 4 0 0 3 3 4 3 2 4 0 4 2 0 1 3 4 1 1 4 2 0 0 1 1 0 2 3 0 0 1 3 4 2 1 0 
2 3 3 2 1 2 4 3 3 2 3 4 4 1 1 4 3 2 2 0 0 2 2 2 1 3 3 1 1 3 4 2 3 0 4 2 4 1 2 3 1 3 3 4 0 4 0 4 3 2 3 2 3 2 2 4 1 1 2 1 2 4 0 0 2 4 4 4 2 2 4 3 2 0 3 3 3 2 3 3 1 1 3 2 2 3 3 2 2 2 0 3 3 3 2 1 4 2 1 4 0 4 0 1 2 0 4 4 1 0 0 0 0 3 0 1 2 4 4 2 2 2 2 0 2 4 0 4 2 0 2 2 
4 3 3 0 3 2 3 4 3 0 4 4 0 3 4 4 2 2 3 3 1 3 4 0 1 3 0 4 0 3 0 2 1 1 1 2 4 2 3 4 4 4 4 2 1 4 4 3 4 4 1 3 1 2 0 0 4 4 4 3 4 2 2 2 4 0 0 0 3 0 1 2 3 1 2 2 0 3 2 4 0 4 4 2 2 4 0 1 0 0 2 1 4 1 1 2 1 0 0 4 1 2 3 1 0 3 3 3 2 3 0 3 4 4 3 2 3 0 1 1 2 2 0 2 0 0 0 3 0 3 2 2 
3 2 0 3 4 1 0 3 0 2 2 0 2 1 4 2 3 3 2 4 1 2 0 1 0 1 3 0 3 3 1 4 4 0 0 4 2 0 1 4 3 1 1 3 3 1 4 0 0 1 0 1 2 4 4 2 4 1 0 4 0 3 3 1 4 4 2 0 1 4 4 1 2 0 4 0 0 3 1 2 1 2 4 2 2 0 3 1 3 0 4 2 3 4 3 0 1 1 0 2 2 4 2 1 0 4 4 1 2 4 0 1 0 0 1 0 2 1 3 4 3 4 4 3 3 0 3 3 2 1 0 4 
4 4 1 0 4 4 3 1 1 2 4 0 1 1 0 4 4 4 1 3 1 3 3 0 2 1 0 3 4 2 2 4 4 3 1 2 4 0 1 4 1 3 1 3 0 0 1 4 4 2 4 1 0 0 1 1 3 2 3 2 3 2 4 0 2 1 0 1 3 0 2 2 4 1 0 1 4 1 3 4 3 2 1 1 0 2 1 3 0 4 1 3 0 3 3 2 2 4 0 3 2 2 3 0 1 4 2 1 0 0 3 1 3 3 3 0 2 3 2 1 2 2 0 3 3 0 3 4 1 0 3 0 
4 3 1 2 3 0 2 0 4 1 3 2 1 0 0 3 3 4 0 2 1 4 1 2 1 3 1 3 2 0 0 4 4 4 1 2 2 3 0 4 3 3 1 1 2 0 3 2 3 3 4 4 2 0 0 1 0 1 0 1 3 3 3 1 3 0 4 3 4 1 0 1 3 0 2 3 4 4 4 0 2 3 3 4 1 3 3 4 4 3 3 1 2 1 3 3 0 2 1 3 1 0 2 1 1 3 0 4 4 1 3 1 4 3 2 3 3 4 4 4 1 1 3 2 0 0 2 1 3 2 2 2 
3 3 2 1 4 2 2 1 2 0 1 2 3 0 4 2 2 2 1 1 3 1 4 1 2 1 2 0 3 1 0 1 1 1 2 4 0 3 2 2 1 1 3 0 4 1 0 0 1 3 1 1 4 4 4 1 3 4 3 3 3 0 0 3 2 0 0 1 2 1 4 2 2 4 3 1 0 0 1 1 4 1 3 4 1 0 4 0 2 4 2 1 3 2 4 2 1 1 2 0 4 1 4 4 0 1 2 2 1 2 4 3 4 0 0 1 1 1 4 1 1 0 0 4 4 4 4 0 4 1 1 3 
4 0 3 0 3 2 3 0 4 0 1 2 1 4 4 3 3 0 0 0 2 3 4 0 4 4 0 4 3 2 0 4 0 0 0 1 0 3 3 1 3 1 0 4 3 4 1 3 1 1 4 4 4 4 4 4 0 1 3 4 3 2 2 3 4 0 2 3 2 4 1 1 4 0 2 0 2 3 1 0 3 1 4 4 1 3 0 4 3 4 2 0 4 2 1 0 3 4 2 1 2 2 4 3 3 0 2 1 1 4 4 0 3 1 1 2 0 0 3 3 0 0 4 0 0 3 2 0 0 2 1 3 
4 3 2 3 3 3 2 0 0 2 1 1 4 4 0 3 3 0 4 1 4 4 4 3 0 3 1 3 3 4 1 1 1 0 0 3 0 1 4 3 3 2 0 3 3 4 1 4 2 4 3 1 1 2 3 3 1 1 3 4 1 4 0 1 2 4 3 1 2 4 1 1 4 0 1 0 3 3 0 0 2 1 2 1 2 0 0 3 1 2 2 3 2 4 4 0 2 1 0 0 3 1 2 1 0 1 1 2 4 4 1 0 4 3 2 0 2 2 3 3 3 4 4 3 3 0 4 4 1 2 1 3 
2 1 4 3 1 2 0 3 1 0 2 4 2 4 2 1 2 4 0 4 3 2 0 1 1 4 4 1 2 1 4 0 3 3 2 4 0 3 1 1 1 4 0 3 3 3 1 3 2 3 0 0 2 3 4 4 4 2 4 4 2 3 3 0 1 4 3 2 1 2 3 0 4 0 1 1 2 1 2 0 1 3 3 1 2 4 0 2 1 1 4 3 4 2 2 4 0 4 4 4 0 1 4 2 1 1 4 3 1 0 1 1 4 0 2 4 4 2 2 4 0 1 4 3 2 1 4 3 2 0 3 0 
4 2 3 0 0 2 2 4 4 4 2 0 2 1 1 4 3 4 4 4 2 2 3 3 1 0 3 1 0 1 0 2 4 1 0 3 2 4 3 1 3 3 1 4 4 0 1 1 3 3 2 2 1 4 2 4 2 3 4 2 1 0 3 0 2 3 3 4 4 4 1 2 0 1 4 2 1 2 2 2 0 2 3 2 2 1 2 3 2 0 2 0 3 0 2 4 3 0 3 1 0 1 3 2 0 2 3 1 1 2 2 4 0 2 1 4 2 1 1 2 3 3 1 4 2 2 0 1 1 0 1 0 
1 4 4 0 0 1 3 1 1 4 4 3 2 4 2 2 3 3 0 4 3 2 1 4 2 3 2 4 4 2 2 0 4 4 0 0 4 0 2 4 3 3 4 3 0 0 3 3 1 3 0 0 0 3 1 0 2 0 4 2 0 4 2 0 1 1 2 1 3 0 4 4 4 2 0 0 0 4 3 2 4 3 1 2 1 3 1 0 4 2 1 3 1 2 4 1 1 1 4 1 1 3 4 0 3 0 2 3 1 3 0 0 3 3 0 1 4 2 2 1 0 1 2 4 3 0 2 4 3 2 4 4 
0 3 1 3 3 0 3 0 1 0 0 4 3 4 3 0 0 2 4 0 0 3 2 3 3 0 0 3 2 4 4 1 1 4 4 4 0 1 4 1 1 0 3 2 1 1 3 3 2 3 3 4 2 4 3 2 4 0 2 3 3 0 4 3 3 0 4 2 2 1 1 3 1 2 4 4 2 2 2 2 4 0 4 1 2 2 1 0 4 0 4 2 1 4 2 2 1 4 4 0 2 4 4 1 1 0 0 3 2 4 3 4 1 0 2 2 2 0 2 3 0 0 0 3 1 4 1 1 0 1 3 3 
2 2 3 0 3 0 2 4 1 2 2 1 3 4 1 2 3 0 1 3 2 3 2 0 2 3 2 4 3 1 1 0 3 2 1 1 2 3 4 1 0 0 2 0 1 3 2 1 1 3 0 4 4 4 2 1 0 2 0 4 1 3 4 2 0 1 3 1 0 3 2 1 2 2 1 4 4 3 1 2 0 1 1 4 2 3 2 4 4 3 3 4 0 0 0 0 4 4 0 3 2 3 3 4 0 4 3 2 1 4 4 2 3 4 2 2 2 1 3 3 3 3 2 2 0 2 3 4 1 1 3 3 
1 4 3 1 4 4 2 4 1 2 0 1 1 4 4 4 4 0 4 1 1 2 3 0 4 3 1 4 4 0 3 3 1 0 3 2 4 3 4 0 1 1 3 3 0 4 1 1 2 2 4 1 4 3 4 0 1 1 1 4 2 2 1 0 0 0 3 0 0 1 1 2 4 1 1 2 1 0 3 2 0 4 2 0 2 2 4 0 3 2 4 1 2 0 2 3 0 2 1 4 4 3 4 4 2 3 0 0 3 2 1 4 1 4 1 4 4 1 1 2 3 3 0 2 4 0 4 1 2 3 4 1 
3 1 3 0 4 4 1 0 4 0 2 1 1 4 3 3 1 1 1 1 4 2 2 0 1 1 3 4 4 4 0 2 0 1 0 2 1 2 4 0 2 1 1 4 2 3 1 1 1 1 0 3 1 2 3 2 4 1 2 2 0 3 4 3 3 2 2 2 1 0 3 1 3 3 0 0 3 4 3 4 4 3 2 1 2 1 0 4 4 3 2 3 2 0 2 4 3 1 2 3 0 0 3 4 2 3 0 1 1 1 1 2 3 4 3 1 0 4 2 3 0 4 4 2 0 0 2 2 4 0 3 1 
2 4 1 0 1 1 3 1 2 1 4 3 3 1 0 2 2 3 1 2 1 1 4 1 0 3 2 1 3 2 1 0 1 0 2 2 1 2 3 4 3 4 0 3 3 0 4 3 0 1 2 0 2 4 3 0 0 0 1 4 0 4 0 2 1 2 4 1 2 0 2 2 3 0 3 3 4 3 0 1 3 4 4 2 2 0 4 1 3 3 2 4 0 1 3 1 2 0 3 1 3 1 4 1 1 3 1 4 1 0 2 1 3 2 0 4 3 1 0 0 1 2 2 2 0 2 3 2 1 2 3 1 
3 0 2 1 3 2 2 4 3 3 4 4 3 3 2 3 1 1 0 4 3 1 1 2 1 2 1 3 3 3 3 2 0 1 2 4 2 2 4 3 1 2 3 2 2 1 3 4 0 4 0 3 0 1 4 1 0 3 3 0 0 2 4 0 3 2 4 4 4 4 4 0 3 2 2 3 1 0 4 3 0 4 0 1 2 1 3 4 3 3 4 0 2 4 2 2 4 4 0 2 4 4 4 2 2 4 1 4 2 2 4 0 0 0 2 3 1 1 3 0 1 1 1 2 2 2 3 2 2 3 1 4 
3 0 1 4 2 2 1 3 1 1 3 0 3 2 2 4 2 4 3 3 2 0 2 0 3 2 3 3 0 0 1 3 1 0 0 2 3 0 3 3 2 2 0 4 4 4 3 2 1 1 2 0 2 1 1 0 0 3 3 4 1 0 1 4 2 0 4 3 0 3 1 4 3 2 2 0 2 0 0 0 3 3 2 0 2 2 0 3 4 3 3 3 0 1 3 4 0 1 3 4 3 4 1 2 1 4 4 0 3 2 4 1 2 2 1 0 0 3 4 2 2 0 3 0 4 2 3 1 2 3 1 0 
1 4 4 0 2 2 3 3 4 1 2 2 4 3 4 2 3 2 2 3 2 4 0 4 4 3 1 2 0 0 0 4 1 1 4 3 2 0 1 0 4 1 1 4 0 4 1 2 2 1 1 2 4 2 0 0 1 3 0 4 0 3 2 4 3 3 2 2 2 2 2 4 3 0 3 4 4 0 3 1 1 1 1 0 1 4 1 0 0 1 2 4 2 0 4 1 2 1 1 1 1 4 1 4 4 2 1 3 0 3 4 1 4 1 3 4 1 1 3 4 3 3 1 1 1 1 3 4 4 2 3 1 
1 4 4 4 3 3 2 0 1 2 2 3 2 1 4 1 2 4 3 3 4 1 1 3 3 2 0 0 2 2 0 3 0 1 2 3 2 2 4 4 4 4 4 1 0 2 3 4 3 2 4 1 2 0 2 3 3 3 4 0 1 3 4 0 1 0 0 4 3 3 0 4 4 1 4 4 4 2 2 0 1 0 3 2 3 2 1 3 3 4 0 0 1 4 0 1 2 1 4 1 2 2 4 3 0 4 0 3 2 1 4 2 3 2 4 1 2 1 1 1 0 2 2 0 2 2 2 1 2 0 1 1 
2 4 3 0 4 3 1 3 4 3 3 2 2 2 0 0 4 4 0 4 1 0 1 4 3 0 0 0 1 0 4 0 1 3 4 0 2 1 0 4 1 2 0 0 1 0 2 0 4 2 0 1 3 4 2 3 0 2 0 0 0 0 1 2 2 4 0 4 4 2 2 1 2 3 2 2 4 4 1 1 4 2 0 3 1 1 3 2 0 1 1 3 0 0 2 4 3 3 3 2 2 3 3 1 3 4 1 2 4 3 0 4 1 2 1 2 0 4 3 1 2 1 1 1 1 1 1 3 1 3 1 2 
2 3 4 1 1 1 1 3 0 4 2 2 0 3 0 4 3 0 0 3 3 2 3 4 0 3 2 2 0 2 2 4 0 1 3 1 0 4 1 3 0 1 3 4 2 0 2 3 3 2 3 1 0 1 3 0 0 3 2 0 2 0 0 3 1 2 1 4 1 3 4 3 0 2 4 2 4 1 3 4 1 0 0 2 1 3 0 3 3 1 0 1 0 3 3 0 1 4 2 4 3 2 4 3 3 3 1 2 2 1 4 3 2 3 2 2 0 1 3 3 4 1 4 2 4 0 1 3 0 0 3 4 
2 3 0 3 1 1 2 2 3 3 2 0 2 3 3 3 3 4 1 0 0 3 3 1 2 4 3 3 0 2 4 3 2 0 3 4 4 2 3 0 3 1 3 2 4 3 0 0 0 4 3 3 2 1 1 0 0 0 0 3 0 3 2 0 1 3 4 4 0 4 0 3 1 0 0 0 2 0 2 1 3 3 0 4 3 2 1 4 2 3 0 4 0 3 2 3 1 4 0 2 1 0 1 3 0 3 1 3 2 3 2 0 2 0 2 2 1 4 3 1 2 2 3 4 3 1 2 4 4 0 4 3

 