1
20

[Node]
0 25.0  25.0 0 0
41 25.0  25.0 0 0

[pickup]
1    0.401   2.882   0  9  20   29   89
2    0.992  42.377   0  5  20  112  172
3    8.671  23.026   0 16  20  235  295
4   32.845  31.582   0 20  20  409  469
5    1.221  19.986   0 10  20  146  206
6   30.561  28.302   0 20  20  434  494
7   36.089  46.410   0  6  20  107  167
8   38.427  21.803   0 18  20  367  427
9   31.439   5.571   0  7  20  559  619
10  47.912  10.565   0  9  20  402  462
11  30.745   9.007   0  8  20  386  446
12  45.764   8.559   0 18  20  480  540
13   1.486  35.445   0 12  20  464  524
14   4.525  31.446   0 12  20  138  198
15   7.550  44.519   0 15  20  283  343
16   2.700  35.550   0  7  20  326  386
17  44.995  10.117   0 14  20  211  271
18  46.221  16.131   0 14  20  289  349
19  23.690  14.918   0 19  20  212  272
20  17.508  19.095   0  7  20  435  495

[delivery]
21  15.455  49.859   0  -9 37   78  138
22   9.693   8.836   0  -5 29  146  206
23  12.492  13.799   0 -16 28  244  304
24  24.334  41.503   0 -20 38  422  482
25  13.111  48.089   0 -10 32  176  236
26  24.422  33.443   0 -20 32  442  502
27  25.272  28.466   0  -6 35  127  187
28  42.778  11.453   0 -18 27  378  438
29  39.423  13.020   0  -7 34  569  629
30  32.147  17.898   0  -9 34  419  479
31  10.796   9.047   0  -8 39  405  465
32  30.328  42.175   0 -18 27  516  576
33  47.221  23.289   0 -12 37  601  661
34  40.113  10.096   0 -12 26  179  239
35   1.045  18.115   0 -15 31  310  370
36  49.688  11.707   0  -7 37  378  438
37   4.499   3.554   0 -14 29  252  312
38  48.159  31.667   0 -14 31  304  364
39  25.973   5.136   0 -19 36  222  282
40  43.619  12.027   0  -7 38  462  522

[Speed 0]
  0.0 120.0 0.0 0.5
120.0 600.0 0.0 0.81
600.0 720.0 0.0 0.5 
720.0 840.0 0.0 0.81

[Speed 1]
  0.0 120.0 0.0 0.67
120.0 600.0 0.0 1.33
600.0 720.0 0.0 0.88 
720.0 840.0 0.0 1.33

[Speed 2]
  0.0 120.0 0.0 0.88
120.0 600.0 0.0 1.33
600.0 720.0 0.0 0.67 
720.0 840.0 0.0 1.33

[Speed 3]
  0.0 120.0 0.0 0.85
120.0 600.0 0.0 1.5
600.0 720.0 0.0 0.85 
720.0 840.0 0.0 1.5

[Speed 4]
  0.0 120.0 0.0 1.0
120.0 600.0 0.0 2.0
600.0 720.0 0.0 1.0 
720.0 840.0 0.0 2.0

[speed choose matrix] 
4 4 4 4	4 4 4 4	4 4 4 4	4 4 4 4	4 4 4 4	4 4 4 4	4 4 4 4 4 4 4 4 4 4 4 4 4 4 4 4 4 4 
4 4 3 2 0 1 2 4 3 2 1 4 2 3 3 1 3 1 2 3 2 1 2 3 3 2 1 3 2 1 2 3 2 2 1 3 2 2 3 3 2 4
4 3 4 3 2 4 1 0 2 3 4 2 3 2 1 3 4 3 3 2 2 3 3 3 2 1 1 2 3 1 3 2 3 3 2 2 2 3 2 4 3 4 
4 1 3 4 3 2 4 3 0 1 2 1 2 4 2 0 1 2 3 1 3 4 2 3 2 2 3 3 2 2 1 4 1 2 3 1 2 1 1 3 4 4
4 0 1 3 4 3 1 4 2 4 0 1 3 2 0 4 3 3 2 1 1 2 4 3 1 2 3 0 1 1 2 1 1 3 2 3 3 2 2 1 3 4
4 2 4 1 3 4 3 2 1 1 2 3 4 0 3 2 1 2 3 1 2 3 2 2 3 2 1 3 3 2 2 2 2 3 1 2 2 3 3 4 1 4
4 1 2 4 2 3 4 3 2 2 1 3 1 4 2 3 1 1 1 2 3 3 2 4 0 2 2 2 3 1 2 0 4 3 2 1 1 2 3 2 4 4
4 4 0 3 4 1 3 4 3 2 4 2 3 1 3 0 4 3 2 2 1 3 2 3 1 1 3 1 2 3 2 3 4 2 1 1 3 3 1 1 3 4
4 3 1 0 1 2 1 3 4 1 1 3 3 2 2 4 0 2 3 3 2 4 0 2 2 3 1 0 1 1 3 1 1 3 3 3 2 2 2 3 1 4
4 1 3 2 4 2 1 1 2 4 2 2 1 1 3 3 1 1 3 3 1 2 2 4 0 1 1 2 3 2 1 0 3 2 2 2 1 3 3 3 2 4
4 2 4 1 0 1 2 4 2 1 4 3 3 2 2 1 3 3 3 2 1 3 3 2 2 1 1 3 2 2 2 2 2 1 1 2 2 2 3 4 1 4
4 4 1 2 2 3 3 1 3 1 3 4 2 1 1 3 2 1 3 2 1 3 4 3 1 2 2 2 1 1 3 3 1 1 2 3 3 4 3 2 3 4 
4 1 3 1 3 4 2 3 3 2 3 1 4 2 3 4 1 3 3 3 2 1 2 3 3 2 1 1 2 1 2 2 3 3 1 2 2 2 2 1 2 4
4 3 1 4 1 0 4 2 1 2 1 2 1 4 2 3 1 4 2 3 2 3 2 2 0 4 3 0 1 2 3 3 2 2 1 1 2 4 3 1 3 4
4 3 2 1 0 3 1 3 1 3 1 2 3 1 4 0 2 3 2 4 1 2 2 3 3 0 1 2 0 1 1 3 3 2 2 2 3 3 3 2 4 4
4 2 3 0 4 1 3 0 4 3 2 3 4 3 0 4 2 4 2 3 4 4 2 1 2 3 3 3 3 2 1 2 3 3 0 4 2 3 1 2 3 4
4 3 4 2 3 2 2 4 0 2 3 1 2 2 1 1 4 1 2 1 3 2 2 0 1 1 2 2 1 2 1 0 3 1 3 3 4 2 2 2 3 4
4 2 3 1 3 1 2 3 1 2 3 2 3 4 3 4 2 4 2 1 1 3 2 1 2 3 1 3 1 1 2 2 2 2 3 2 4 3 2 4 3 4
4 1 3 3 1 3 2 1 3 3 3 3 3 1 1 1 1 1 4 3 2 2 3 2 1 2 3 2 3 3 1 1 3 3 1 2 3 2 2 3 3 4 
4 3 1 2 2 2 1 1 3 3 1 1 3 3 4 3 2 2 3 4 3 4 2 4 0 1 1 2 3 4 2 2 2 3 3 2 3 3 4 2 3 4
4 1 1 3 2 1 3 2 1 2 2 2 1 1 2 4 3 2 1 3 4 2 3 3 1 1 3 1 0 4 2 4 2 2 3 4 2 4 2 4 2 4
4 2 3 4 1 3 3 3 4 1 3 3 1 3 1 4 1 3 1 4 1 4 3 0 1 2 2 4 1 0 2 3 0 2 1 4 4 2 3 1 3 4 
4 1 3 1 4 1 1 1 0 1 3 4 3 1 1 1 1 1 3 1 3 3 4 3 0 2 1 0 1 4 3 3 3 4 2 3 3 1 1 3 4 4
4 3 3 3 3 1 4 3 1 4 1 3 3 1 3 2 0 2 1 4 3 0 3 4 2 2 3 3 2 4 0 2 2 3 1 2 3 3 3 2 4 4 
4 3 1 1 2 3 0 2 1 0 1 2 1 0 3 1 2 1 2 0 2 2 0 1 4 2 3 2 3 1 1 0 2 2 3 2 2 2 2 1 4 4 
4 1 2 1 1 1 1 2 3 2 2 1 1 4 0 3 2 3 1 2 2 1 1 1 1 4 1 2 2 3 1 3 2 2 2 3 2 2 3 4 1 4 
4 2 2 3 3 2 1 3 2 2 2 1 2 3 2 3 1 2 3 2 3 1 2 3 3 2 4 3 3 1 1 3 2 4 0 2 1 3 1 3 2 4
4 3 1 3 0 3 1 2 0 1 3 1 2 0 1 3 1 3 1 1 2 4 0 3 1 1 3 4 1 1 2 1 2 1 2 3 3 4 2 4 1 4
4 1 3 1 2 3 3 1 2 3 1 2 1 2 0 3 2 2 3 3 0 2 2 1 3 1 3 2 4 0 3 3 3 2 2 2 2 2 3 3 2 4
4 2 2 1 2 1 2 3 2 1 1 2 2 1 2 1 1 2 3 4 4 0 4 4 2 3 2 2 0 4 2 2 2 3 4 2 3 2 1 3 2 4
4 1 3 2 1 1 1 1 3 2 1 3 1 3 2 2 2 1 2 1 1 1 2 0 2 2 2 1 3 1 4 2 0 3 3 2 2 3 1 1 2 4
4 3 1 4 2 1 0 3 2 0 1 3 1 3 3 1 0 1 2 1 4 3 3 1 0 3 3 2 3 1 1 4 2 1 3 3 3 2 2 2 2 4
4 2 3 2 2 1 4 4 2 3 1 2 3 1 3 3 3 1 3 1 1 0 3 1 1 1 1 1 3 1 0 1 4 3 2 2 3 1 1 3 3 4
4 1 3 1 3 3 3 1 3 1 2 2 3 1 1 3 2 1 3 3 1 1 4 3 1 1 4 2 1 3 3 2 3 4 3 3 2 3 1 2 1 4
4 2 1 3 1 2 1 2 3 1 2 1 2 2 1 0 3 3 2 3 3 2 1 2 3 1 0 1 1 4 3 3 1 3 4 2 3 2 3 3 2 4
4 3 1 2 3 1 2 2 3 1 1 3 1 2 1 4 3 1 1 1 4 4 3 1 1 3 1 3 1 1 1 3 1 3 1 4 2 3 3 3 2 4
4 1 1 1 3 1 2 3 1 2 1 3 1 1 3 1 4 4 3 3 1 4 3 3 1 2 2 3 1 3 1 3 3 1 3 1 4 2 3 3 4 4
4 1 3 2 1 3 1 3 1 3 1 4 1 4 3 3 1 3 1 3 4 1 2 3 1 1 3 4 1 1 3 1 2 3 1 3 1 4 1 4 3 4
4 3 1 2 1 3 3 2 1 3 3 3 1 3 3 2 1 1 1 4 2 3 2 3 1 3 2 1 3 2 2 1 2 2 3 3 3 2 4 2 3 4
4 3 4 3 2 4 1 2 3 3 4 1 1 2 1 1 1 4 3 1 4 2 3 1 2 4 3 4 3 3 2 1 3 1 3 3 3 4 1 4 1 4 
4 1 3 4 3 2 4 3 2 1 2 3 3 3 4 3 3 3 3 3 1 3 4 4 4 2 1 2 1 1 1 1 3 2 1 1 4 3 3 2 4 4
4 4 4 4 4 4 4 4 4 4 4 4 4 4 4 4 4 4 4 4 4 4 4 4 4 4 4 4 4 4 4 4 4 4 4 4 4 4 4 4 4 4


