1
15

[Node]
0 25.0  25.0 0 0
21 25.0  25.0 0 0

[pickup]
1  34.548  16.947   0  17 20  527  587
2  28.402  46.895   0  19 20  143  203
3  16.459  40.222   0  15 20  144  204
4   2.980  41.789   0  15 20  154  214
5  27.881  11.250   0  12 20  203  263
6  12.338  31.567   0  15 20   22  82
7  24.993  36.846   0  10 20  137  197
8  34.128  43.463   0  18 20  411  471
9  37.055  14.494   0  11 20  510  570
10 42.347  34.900   0  12 20  193  253


[delivery]
11  13.850  26.773   0 -17 29  549  609
12  34.924  33.086   0 -19 30  158  218
13  31.720  11.567   0 -15 34  176  236
14  28.881  37.179   0 -15 50  180  240
15  41.328  33.122   0 -12 32  228  288
16  17.327  29.285   0 -15 34   27  87
17  22.503  21.888   0 -10 40  152  212
18  22.048  24.351   0 -18 32  433  493
19  36.595  28.844   0 -11 30  524  584
20   1.654   3.597   0 -12 32  244  304

[Speed 0]
  0.0 120.0 0.0 0.5
120.0 600.0 0.0 0.81
600.0 720.0 0.0 0.5 
720.0 840.0 0.0 0.81

[Speed 1]
  0.0 120.0 0.0 0.67
120.0 600.0 0.0 1.33
600.0 720.0 0.0 0.88 
720.0 840.0 0.0 1.33

[Speed 2]
  0.0 120.0 0.0 0.88
120.0 600.0 0.0 1.33
600.0 720.0 0.0 0.67 
720.0 840.0 0.0 1.33

[Speed 3]
  0.0 120.0 0.0 0.85
120.0 600.0 0.0 1.5
600.0 720.0 0.0 0.85 
720.0 840.0 0.0 1.5

[Speed 4]
  0.0 120.0 0.0 1.0
120.0 600.0 0.0 2.0
600.0 720.0 0.0 1.0 
720.0 840.0 0.0 2.0


[speed choose matrix] 
4 4 4 4 4 4 4 4 4 4 4 4 4 4 4 4 4 4 4 4 4 4  
4 4 3 2 0 1 2 4 3 2 1 4 2 3 3 1 3 1 2 3 2 4
4 3 4 3 2 4 1 0 2 3 4 2 3 2 1 3 4 3 3 2 2 4
4 1 3 4 3 2 4 3 0 1 2 1 2 4 2 0 1 2 3 1 3 4
4 0 1 3 4 3 1 4 2 4 0 1 3 2 0 4 3 3 2 1 1 4
4 2 4 1 3 4 3 2 1 1 2 3 4 0 3 2 1 2 3 1 2 4
4 1 2 4 2 3 4 3 2 2 1 3 1 4 2 3 1 1 1 2 3 4
4 4 0 3 4 1 3 4 3 2 4 2 3 1 3 0 4 3 2 2 1 4
4 3 1 0 1 2 1 3 4 1 1 3 3 2 2 4 0 2 3 3 2 4
4 1 3 2 4 2 1 1 2 4 2 2 1 1 3 3 1 1 3 3 1 4
4 2 4 1 0 1 2 4 2 1 4 3 3 2 2 1 3 3 3 2 1 4
4 4 1 2 2 3 3 1 3 1 3 4 2 1 1 3 2 1 3 2 1 4 
4 1 3 1 3 4 2 3 3 2 3 1 4 2 3 4 1 3 3 3 2 4
4 3 1 4 1 0 4 2 1 2 1 2 1 4 2 3 1 4 2 3 2 4
4 3 2 1 0 3 1 3 1 3 1 2 3 1 4 0 2 3 2 4 1 4
4 2 3 0 4 1 3 0 4 3 2 3 4 3 0 4 2 4 2 3 4 4
4 3 4 2 3 2 2 4 0 2 3 1 2 2 1 1 4 1 2 1 3 4
4 2 3 1 3 1 2 3 1 2 3 2 3 4 3 4 2 4 2 1 1 4
4 1 3 3 1 3 2 1 3 3 3 3 3 1 1 1 1 1 4 3 2 4 
4 3 1 2 2 2 1 1 3 3 1 1 3 3 4 3 2 2 3 4 3 4
4 1 1 3 2 1 3 2 1 2 2 2 1 1 2 4 3 2 1 3 4 4
4 4 4 4 4 4 4 4 4 4 4 4 4 4 4 4 4 4 4 4 4 4



