1
15

[Node]
  0  25.000  25.000   0   0  
131  25.000  25.000   0   0 

[Pickup]
  1  34.548  16.947   0   9 20 527  647
  2  28.402  46.895   0  10 20 143  263
  3  16.459  40.222   0  14 20 144  264
  4   2.980  41.789   0  11 20 154  274
  5  27.881  11.250   0  12 20 203  323
  6  12.338  31.567   0  14 20  22  142
  7  24.993  36.846   0   6 20 137  257
  8  34.128  43.463   0  12 20 411  531
  9  37.055  14.494   0  10 20 510  630
 10  42.347  34.900   0  12 20 193  313
 11  21.314  35.006   0  10 20 325  445
 12   4.802   1.609   0  10 20  80  200
 13   3.391  29.245   0  11 20 149  269
 14  32.467  49.455   0  15 20 272  392
 15  40.532  24.883   0  14 20 115  235
 16  43.111   6.773   0   8 20 374  494
 17   7.223  34.563   0   8 20  89  209
 18  16.030  15.249   0   8 20 535  655
 19   8.135  15.820   0  14 20 151  271
 20  30.819   3.480   0   7 20 560  680
 21  15.362  11.994   0  11 20 347  467
 22   5.307   2.384   0  15 20 182  302
 23  47.712  34.265   0   6 20 545  665
 24   9.968  45.713   0  10 20 458  578
 25  39.265  24.082   0   7 20 381  501
 26  39.826  36.958   0  15 20 203  323
 27  31.608   6.402   0  14 20  39  159
 28   0.621  16.762   0   5 20 280  400
 29  33.641  41.836   0  13 20 184  304
 30  18.985  21.045   0   9 20 365  485
 31  27.031   7.841   0   7 20  70  190
 32  32.057   9.578   0  11 20  33  153
 33  42.026  44.074   0   8 20 541  661
 34  34.019  12.171   0  11 20  23  143
 35  41.886  31.076   0  13 20  33  153
 36  44.692  14.562   0  11 20 319  439
 37   8.588  23.120   0   5 20  26  146
 38  21.135  31.892   0   5 20 531  651
 39  13.347  44.698   0   7 20 254  374
 40  27.508  18.838   0   8 20  97  217
 41  11.490  25.126   0   8 20  69  189
 42   4.088  18.481   0  13 20 227  347
 43  29.404  12.838   0  10 20 172  292
 44   7.771   0.816   0   8 20 143  263
 45  24.744  16.408   0   5 20 375  495
 46   2.049  44.440   0  13 20  96  216
 47  32.950  30.817   0   9 20 244  364
 48  21.079  33.248   0   7 20 118  238
 49  48.734   0.580   0   9 20 178  298
 50  12.218   9.802   0  13 20 131  251
 51  11.705  25.190   0   9 20 165  285
 52  14.479   8.259   0   5 20 325  445
 53  16.761  29.237   0   6 20 464  584
 54  10.250   9.981   0   6 20 378  498
 55  27.266  28.179   0  15 20 214  334
 56  48.818  10.333   0   8 20 330  450
 57  38.688  31.838   0  10 20 413  533
 58  25.993  10.235   0  14 20 220  340
 59  45.954  26.277   0   7 20 366  486
 60  37.643   2.372   0  11 20   1  121
 61  34.053   9.642   0   5 20 285  405
 62  23.997   5.385   0  12 20 360  480
 63  41.331  22.959   0   8 20 170  290
 64  20.455  17.561   0   9 20 351  471
 65  29.948  21.337   0   9 20 562  682



[Delivery]
 66  13.850  26.773   0  -9 20 549  669
 67  34.924  33.086   0 -10 20 158  278
 68  31.720  11.567   0 -14 20 176  296
 69  28.881  37.179   0 -11 20 180  300
 70  41.328  33.122   0 -12 20 228  348
 71  17.327  29.285   0 -14 20  27  147
 72  22.503  21.888   0  -6 20 152  272
 73  22.048  24.351   0 -12 20 433  553
 74  36.595  28.844   0 -10 20 524  644
 75   1.654   3.597   0 -12 20 244  364
 76  47.114   2.880   0 -10 20 366  486
 77   1.391  41.648   0 -10 20 120  240
 78   7.407  46.855   0 -11 20 167  287
 79  18.813  46.961   0 -15 20 285  405
 80  40.003  25.432   0 -14 20 115  235
 81  14.914  28.117   0  -8 20 409  529
 82  22.596   8.832   0  -8 20 118  238
 83  17.636  45.275   0  -8 20 565  685
 84  46.958   7.90    0 -14 20 190  310
 85  34.451   5.703   0  -7 20 564  684
 86   2.994  22.136   0 -11 20 362  482
 87  38.333  39.870   0 -15 20 231  351
 88  13.195  12.961   0  -6 20 585  705
 89  16.605  25.788   0 -10 20 479  599
 90   5.014  42.745   0  -7 20 420  540
 91  26.079   1.820   0 -15 20 240  360
 92   3.522  33.992   0 -14 20  78  198
 93  41.104  34.886   0  -5 20 324  444
 94  14.032  29.354   0 -13 20 207  327
 95  29.085  43.067   0  -9 20 389  509
 96  11.656  13.989   0  -7 20  86  206
 97  45.083  38.459   0 -11 20  64  184
 98  29.697   8.788   0  -8 20 578  698
 99  48.224  25.855   0 -11 20  42  162
100  46.562  12.931   0 -13 20  51  171
101  16.660   2.533   0 -11 20 349  469
102  12.706  18.166   0  -5 20  32  152
103  43.191  15.209   0  -5 20 558  678
104  35.998  25.518   0  -7 20 283  403
105   3.739   8.584   0  -8 20 122  242
106  11.362  26.051   0  -8 20  69  189
107  22.483  27.208   0 -13 20 247  367
108  11.783  11.296   0 -10 20 189  309
109  40.339   2.469   0  -8 20 175  295
110  43.365  43.582   0  -5 20 407  527
111  13.439  27.175   0 -13 20 116  236
112  43.579   1.432   0  -9 20 275  395
113   0.191  33.917   0  -7 20 138  258
114  19.258  49.550   0  -9 20 235  355
115  46.471  28.627   0 -13 20 170  290
116  42.102   6.144   0  -9 20 200  320
117   2.227  45.296   0  -5 20 364  484
118  24.738   0.009   0  -6 20 494  614
119   7.388  10.829   0  -6 20 380  500
120  19.156  37.067   0 -15 20 226  346
121   9.488  24.008   0  -8 20 371  491
122  30.111  46.947   0 -10 20 430  550
123  42.167   5.230   0 -14 20 236  356
124   2.426   5.935   0  -7 20 414  534
125  40.521  15.822   0 -11 20  14  134
126  26.407  44.386   0  -5 20 320  440
127  39.102   5.834   0 -12 20 375  495
128  12.042   1.566   0  -8 20 206  326
129  13.226  46.732   0  -9 20 381  501
130   6.804  32.319   0  -9 20 587  707



[Speed 0]
  0.0 120.0 0.0 0.5
120.0 600.0 0.0 0.81
600.0 720.0 0.0 0.5 
720.0 840.0 0.0 0.81

[Speed 1]
  0.0 120.0 0.0 0.67
120.0 600.0 0.0 1.33
600.0 720.0 0.0 0.88 
720.0 840.0 0.0 1.33

[Speed 2]
  0.0 120.0 0.0 0.88
120.0 600.0 0.0 1.33
600.0 720.0 0.0 0.67 
720.0 840.0 0.0 1.33

[Speed 3]
  0.0 120.0 0.0 0.85
120.0 600.0 0.0 1.5
600.0 720.0 0.0 0.85 
720.0 840.0 0.0 1.5

[Speed 4]
  0.0 120.0 0.0 1.0
120.0 600.0 0.0 2.0
600.0 720.0 0.0 1.0 
720.0 840.0 0.0 2.0


[speed choose matrix]
3 1 2 3 3 3 1 2 0 1 0 2 1 2 0 1 3 2 0 0 1 1 0 2 2 3 1 4 2 0 2 0 2 2 1 0 4 1 0 3 4 2 1 3 0 4 4 1 3 4 1 2 4 1 1 0 2 3 0 3 2 3 4 2 4 4 1 1 1 3 4 4 1 3 0 1 1 1 0 2 1 2 2 2 0 0 3 1 4 3 4 1 0 4 0 3 1 0 4 2 1 0 4 3 4 4 4 3 2 4 4 1 3 1 3 2 1 2 1 3 2 1 3 3 0 0 0 1 3 3 4 3 
3 1 2 0 2 2 3 1 0 3 4 1 3 2 0 0 4 2 2 2 1 1 4 1 1 2 2 0 4 1 4 3 1 1 1 0 2 4 3 1 3 4 0 4 0 2 3 1 1 1 2 2 4 2 1 4 3 1 2 3 0 0 4 1 3 2 1 1 1 0 3 1 2 4 4 1 3 1 1 1 1 4 3 2 2 2 4 4 3 0 2 3 0 2 1 2 3 2 2 3 4 4 2 0 1 1 1 3 1 0 3 4 1 3 0 2 3 2 4 0 2 1 0 4 4 3 2 2 2 4 2 3 
0 4 3 3 3 0 4 4 4 2 0 3 1 3 2 4 1 4 2 0 4 0 2 4 2 0 1 2 4 4 2 3 4 0 2 3 3 1 3 4 4 3 1 1 3 2 3 4 2 0 0 1 0 4 4 4 3 4 1 3 3 2 2 0 1 4 4 3 0 4 0 3 0 0 4 2 3 4 1 4 3 0 2 0 0 2 3 3 3 1 1 1 4 1 1 1 3 2 2 2 2 0 0 2 2 2 3 0 4 2 1 0 4 1 3 2 0 0 3 2 2 2 3 1 2 3 4 0 1 4 4 0 
2 3 3 0 1 2 4 3 1 3 3 1 1 1 4 1 0 0 0 2 4 1 3 2 1 0 4 3 0 0 1 1 2 4 0 4 1 1 1 2 0 4 3 3 1 2 0 2 1 2 1 4 1 3 1 1 3 0 1 1 2 1 0 0 2 2 1 2 0 4 0 3 3 1 4 1 3 1 0 4 0 1 0 3 3 3 2 0 3 4 1 1 2 3 4 3 2 0 3 1 2 1 1 0 1 4 3 3 0 2 0 4 0 1 2 2 2 2 1 1 4 3 3 3 1 1 1 4 4 0 3 4 
4 2 3 1 3 2 0 3 4 0 3 4 2 3 3 0 1 2 3 1 3 0 0 1 4 4 4 0 4 4 4 2 0 1 4 3 0 3 0 3 1 1 2 1 3 3 1 4 0 1 4 0 0 4 2 1 4 3 0 2 2 0 4 3 3 2 3 4 1 1 2 1 4 3 4 1 4 2 2 3 2 1 0 4 2 4 3 2 4 1 3 1 4 4 1 1 3 2 3 4 3 3 0 4 2 2 2 2 4 3 1 2 2 2 2 0 3 3 1 3 3 1 4 2 0 2 4 3 1 1 2 3 
0 4 2 4 1 0 3 4 2 0 0 0 0 0 4 3 3 0 2 3 2 0 3 0 3 0 4 1 1 2 3 2 3 2 3 3 3 0 1 4 2 2 1 2 2 2 2 0 2 4 2 2 3 3 0 2 1 0 4 4 2 4 1 4 4 3 2 1 0 0 2 1 0 3 0 2 1 1 1 0 2 4 4 3 2 4 0 3 2 0 4 4 0 3 3 3 0 1 1 2 1 0 3 4 4 4 1 3 2 0 1 0 1 4 0 1 2 2 4 2 4 0 1 3 3 1 4 3 3 1 0 0 
1 0 1 0 2 0 2 1 2 3 0 2 0 3 0 4 0 1 2 4 2 0 2 4 3 1 0 1 1 3 3 3 1 3 0 1 3 3 4 2 0 1 1 1 0 1 2 2 1 3 2 1 3 0 1 1 4 3 0 1 4 3 2 4 4 2 4 2 2 3 3 3 3 4 2 2 0 4 1 0 1 0 1 0 1 1 0 2 3 2 0 1 3 3 2 3 3 0 0 0 2 3 2 0 4 2 0 4 2 1 4 0 0 2 3 1 3 1 3 1 0 4 4 2 4 3 2 1 0 2 0 4 
3 0 4 2 2 1 4 0 4 0 3 3 4 1 1 2 0 4 1 0 3 2 3 3 4 2 2 4 2 0 0 1 0 2 4 1 1 4 4 3 0 4 1 3 3 3 4 0 3 1 2 3 0 4 1 4 3 0 1 2 2 0 1 0 0 4 3 4 4 2 2 3 0 4 3 1 3 0 1 4 0 4 4 4 1 3 0 0 3 0 4 1 4 0 4 1 3 0 4 0 4 3 2 2 0 4 3 4 4 4 0 0 4 3 0 1 0 2 2 4 4 4 0 2 4 4 4 3 4 3 3 4 
2 3 4 3 0 0 2 0 3 3 4 1 0 4 4 1 0 2 0 3 0 4 4 3 1 4 2 0 0 1 4 1 0 4 4 2 0 3 0 2 0 3 3 4 4 2 1 3 0 2 1 4 4 0 4 0 1 3 3 2 1 0 0 3 4 4 2 4 1 3 4 3 4 4 4 4 1 1 2 0 0 0 4 3 4 4 1 0 2 0 2 0 4 4 4 0 1 2 1 0 1 3 0 1 0 0 3 1 3 0 3 4 2 0 1 3 3 0 4 3 1 2 4 2 3 4 4 4 1 2 2 0 
0 1 4 4 2 3 1 3 1 1 4 2 2 2 4 2 3 2 2 3 0 0 4 2 0 4 1 4 2 4 4 2 3 0 4 2 4 4 0 1 4 4 0 3 4 4 1 0 1 2 2 2 3 2 2 0 1 3 4 1 4 2 3 2 2 2 4 1 3 0 0 4 1 4 4 0 0 4 0 2 2 2 4 1 3 0 4 2 2 4 3 3 3 0 1 1 4 0 1 1 0 4 0 0 3 2 2 2 2 2 2 3 2 3 4 4 3 0 2 4 1 4 2 1 4 2 1 1 2 3 1 1 
0 4 4 1 1 1 4 3 3 4 3 3 1 2 1 2 1 3 0 1 0 3 4 2 4 2 2 1 2 4 0 0 0 2 0 1 1 4 1 4 0 2 0 0 4 2 4 2 4 1 1 3 4 0 2 2 1 0 4 0 1 2 4 0 0 2 3 1 3 2 2 2 3 4 3 3 2 1 0 3 4 4 3 3 0 1 0 1 1 2 3 0 1 0 2 1 1 3 0 3 3 3 3 3 2 1 3 3 3 0 1 3 4 4 2 2 2 0 1 0 1 1 1 2 3 0 2 1 0 3 2 0 
4 4 1 1 1 0 3 3 1 0 0 0 4 3 0 0 0 1 0 1 3 0 0 2 4 4 4 1 4 2 3 4 3 1 0 0 1 3 1 0 0 4 1 2 2 4 2 3 3 0 0 0 3 4 3 0 0 1 2 3 2 4 0 2 1 3 1 3 4 1 2 1 4 3 1 0 4 1 1 2 1 0 2 3 0 3 4 2 3 3 3 4 4 0 0 2 4 0 0 2 1 1 3 1 2 1 3 3 3 4 4 4 0 2 0 1 2 2 1 2 4 2 1 4 1 4 3 0 4 0 3 1 
3 2 1 2 2 2 3 3 1 1 3 2 3 2 4 0 2 3 1 3 3 0 4 4 2 4 1 0 0 2 0 1 4 1 0 1 0 2 3 1 3 1 4 2 4 4 3 1 2 4 1 0 4 0 0 0 0 3 1 4 4 0 3 1 0 0 4 3 2 3 2 4 3 0 0 2 3 0 4 0 2 4 0 2 1 2 4 0 1 4 0 3 0 0 1 1 0 2 0 0 2 4 4 4 0 4 0 4 2 0 0 2 1 3 0 2 0 4 3 2 1 2 2 3 2 2 2 3 1 4 3 4 
2 2 2 2 1 2 1 2 2 0 4 4 1 4 4 3 3 4 2 0 2 2 4 0 1 2 0 3 4 2 1 2 4 2 3 1 1 2 3 1 3 2 4 2 0 3 1 0 1 2 2 2 4 1 3 1 1 0 1 3 3 3 2 1 2 1 0 0 0 3 2 2 2 4 4 1 4 3 1 1 3 1 1 0 4 3 1 1 1 2 1 2 1 1 4 3 0 0 3 3 3 1 2 4 2 2 0 4 1 1 4 1 0 4 4 1 2 4 3 1 3 1 1 2 3 3 4 2 2 0 3 1 
4 2 3 1 2 2 3 2 3 1 2 2 3 3 1 4 2 3 1 4 0 1 0 0 1 3 0 2 1 2 0 0 4 0 1 3 2 0 3 3 4 2 1 2 2 1 2 4 3 3 2 4 0 0 4 3 0 3 2 4 2 3 2 1 0 2 1 4 2 0 2 3 1 2 1 2 2 1 1 3 4 3 3 2 0 4 3 0 3 3 3 4 2 0 0 2 2 2 0 1 4 4 0 0 1 0 1 3 4 3 2 3 2 2 2 0 2 4 2 2 3 4 3 1 2 0 3 1 4 2 2 3 
0 4 4 3 2 3 4 1 3 3 0 1 1 4 0 1 4 0 1 4 0 3 4 3 2 2 3 3 3 4 4 1 4 1 3 1 1 4 1 1 0 0 2 0 0 3 2 4 2 1 0 3 0 4 2 0 2 3 2 0 3 3 3 3 4 1 4 2 3 0 4 3 1 0 1 2 4 1 0 0 2 0 2 4 2 1 0 2 2 4 4 1 1 4 1 3 1 4 2 4 4 0 4 0 3 3 4 4 2 0 3 2 3 0 3 4 3 1 1 1 3 0 3 3 4 1 3 4 3 4 0 2 
3 4 2 1 4 1 3 3 3 4 0 2 1 2 1 3 2 2 1 1 4 2 1 4 1 4 0 1 0 3 0 3 1 3 1 2 0 0 2 1 0 0 2 2 4 1 0 2 4 0 1 0 1 3 2 1 4 4 2 0 0 2 1 4 4 3 3 3 4 3 2 4 4 2 4 2 4 1 4 2 3 0 0 3 0 1 2 4 3 4 1 2 4 1 0 3 3 3 2 2 1 1 3 1 2 4 4 0 2 1 1 3 2 2 0 3 2 3 1 1 1 2 2 0 1 1 2 3 4 3 0 4 
2 1 0 3 0 0 2 0 3 4 4 4 1 2 2 0 0 4 3 1 1 2 3 0 3 2 2 2 1 2 0 3 1 4 4 1 0 4 4 3 1 3 0 0 1 3 1 1 4 4 4 4 4 4 2 1 1 1 4 3 2 1 3 0 4 2 4 2 3 2 2 2 4 4 2 4 0 1 0 0 0 4 2 4 0 4 4 3 0 0 0 0 1 1 4 0 4 2 0 2 1 1 0 0 4 0 3 4 4 3 4 0 2 0 0 2 4 4 0 0 4 2 3 1 1 0 2 4 1 2 4 4 
4 0 2 1 2 4 4 4 2 4 3 1 4 0 0 4 2 3 2 0 4 3 4 0 1 0 0 1 4 4 4 2 2 1 3 1 1 4 1 3 0 3 1 0 4 1 1 0 4 3 0 2 4 3 1 4 0 2 4 0 3 4 4 3 1 2 0 1 3 0 0 3 0 1 3 2 0 0 1 2 3 4 2 2 0 3 3 1 0 1 4 1 1 4 0 0 3 2 3 1 3 3 2 4 0 4 1 2 0 1 0 3 2 0 2 4 0 4 1 4 2 0 1 3 2 4 4 4 0 1 0 2 
0 3 3 0 0 1 3 0 1 1 1 0 3 0 0 2 3 1 1 2 2 0 3 1 1 0 2 1 4 1 1 2 4 2 1 0 4 1 0 0 0 3 3 1 3 0 0 4 4 0 3 2 4 4 0 0 4 0 0 0 0 3 0 3 4 3 2 1 3 0 3 0 1 1 4 0 4 3 4 1 3 3 0 4 2 2 4 1 0 2 4 4 2 4 0 1 4 3 0 2 2 0 3 0 2 0 3 3 2 1 4 4 2 4 0 3 3 0 3 3 3 3 2 4 0 2 1 4 1 0 3 2 
1 1 2 4 4 3 3 3 1 4 1 0 0 0 3 3 4 4 0 4 0 4 1 1 4 0 4 1 2 4 3 4 3 3 3 1 1 1 3 0 3 0 3 2 3 0 1 2 2 1 0 1 0 2 4 4 4 1 4 2 2 1 4 2 2 4 2 4 4 1 3 3 4 1 1 3 4 1 0 0 4 2 3 1 2 0 0 0 0 1 4 1 2 0 3 1 3 3 1 2 0 3 2 3 4 0 3 0 0 2 2 2 2 2 4 2 1 2 1 2 0 1 2 0 2 1 2 3 2 2 2 0 
3 3 4 3 0 2 1 1 1 2 4 1 1 0 4 1 4 3 0 3 1 3 0 2 0 2 0 4 2 1 2 3 1 1 4 1 3 0 4 4 1 0 1 0 2 3 0 0 0 3 3 4 2 2 3 3 0 0 4 3 3 0 4 3 2 1 3 2 3 3 2 4 2 1 3 3 3 4 3 2 3 4 0 3 0 1 3 2 3 0 0 1 0 3 2 4 2 1 2 1 4 1 0 0 0 3 0 4 1 1 1 3 1 3 4 2 1 1 3 4 3 0 0 4 1 0 3 1 4 1 3 4 
3 0 0 4 2 3 3 4 3 0 4 4 3 0 3 0 4 4 1 4 2 1 4 3 1 2 0 0 2 4 0 3 1 4 1 0 2 2 4 4 1 1 3 0 3 3 3 0 4 3 3 0 1 0 0 1 2 3 1 2 2 2 2 0 3 2 1 4 4 4 3 1 4 1 1 3 4 0 4 2 1 0 0 3 0 3 1 4 2 2 0 3 3 3 4 0 4 3 2 3 1 3 3 0 4 1 1 1 0 1 2 3 0 4 4 4 2 3 4 0 4 2 4 0 4 0 3 3 0 4 4 2 
2 3 0 1 0 2 0 0 2 2 0 1 0 2 1 0 1 3 4 1 4 4 0 3 4 2 4 2 0 3 3 0 3 4 0 1 2 3 0 2 4 0 1 0 4 4 2 2 1 2 2 4 2 4 1 3 2 3 1 0 4 2 3 0 0 1 1 2 0 1 4 4 3 4 1 1 2 1 4 4 3 4 4 1 4 3 3 1 4 3 1 0 3 3 2 3 2 3 1 4 1 3 3 4 3 0 3 4 4 0 1 4 4 4 4 2 3 2 3 1 2 0 3 0 1 0 0 1 0 3 0 3 
4 1 0 4 1 4 1 4 2 1 2 3 1 2 0 1 3 4 2 3 4 1 2 4 3 3 2 2 2 0 4 4 3 0 0 0 3 3 2 1 1 3 1 3 4 3 0 1 2 4 0 0 3 2 3 3 1 1 2 2 4 0 0 0 4 0 0 0 0 4 3 0 1 2 0 4 2 4 1 1 2 3 3 1 4 2 2 0 4 1 4 4 3 4 1 4 2 3 4 1 0 1 1 2 2 0 4 1 2 3 1 1 2 4 4 3 3 2 3 2 4 4 2 4 0 0 1 2 0 0 2 3 
0 0 4 1 4 0 3 4 1 0 2 2 3 1 4 4 0 2 4 2 2 1 0 1 0 2 2 0 3 3 4 3 1 2 2 4 0 0 1 2 4 2 2 3 0 4 4 0 2 2 4 1 0 2 2 4 3 1 2 2 3 2 2 2 1 3 1 4 1 2 1 0 3 0 4 4 2 4 0 4 1 2 3 1 0 1 3 4 2 3 1 0 0 0 1 2 2 2 3 3 3 0 4 3 1 0 2 1 0 0 1 4 1 1 0 0 2 2 0 3 4 1 1 1 1 0 0 2 1 4 1 0 
2 1 0 2 3 4 1 4 1 3 1 2 0 0 1 4 3 3 3 4 1 3 2 1 3 2 2 0 4 1 0 4 1 2 0 1 0 2 0 3 2 3 1 1 3 4 3 1 1 3 2 1 2 0 2 3 2 1 4 0 0 2 2 2 0 2 4 0 3 1 4 2 3 0 2 3 2 4 0 1 1 2 0 3 2 1 2 2 2 1 4 4 4 0 0 3 2 1 3 4 1 1 4 3 0 4 4 0 4 4 2 3 1 4 2 3 4 3 3 0 1 2 1 0 2 1 1 1 1 3 0 0 
3 4 1 2 3 4 3 2 3 1 1 0 1 2 4 1 4 3 4 0 4 2 4 1 3 3 1 1 4 0 3 0 0 4 0 3 3 0 2 1 2 2 2 2 3 1 4 4 3 0 0 3 1 1 1 1 3 2 0 0 3 1 2 2 3 1 4 4 1 4 3 1 3 3 3 2 0 1 4 0 3 1 4 3 1 3 4 1 3 3 1 1 0 3 3 1 2 0 3 2 4 1 2 0 4 0 0 3 1 1 3 1 2 1 3 4 1 1 1 1 4 4 4 1 0 1 0 3 3 0 2 1 
2 4 0 2 1 3 2 4 3 4 0 0 2 0 3 4 3 1 0 0 2 4 0 3 2 2 2 2 1 2 1 0 4 3 2 1 4 3 0 2 3 0 3 3 2 4 2 0 3 2 3 2 0 0 0 4 3 1 4 1 4 3 4 2 0 0 4 0 0 0 2 4 0 0 2 3 2 4 4 3 2 4 0 2 4 1 1 1 0 3 3 2 4 2 3 0 3 2 3 0 0 2 3 0 2 3 1 2 3 4 2 4 0 3 1 3 3 2 0 0 4 0 0 4 2 3 3 4 4 2 1 0 
0 0 0 4 1 2 2 1 0 3 2 0 3 2 2 0 2 2 0 2 0 3 0 4 2 4 1 1 3 3 3 3 1 0 4 4 3 2 0 4 0 4 4 0 4 0 4 3 1 3 1 1 2 2 4 0 3 4 2 3 2 3 4 4 3 0 4 0 4 0 3 1 2 2 2 1 1 4 1 0 2 2 4 4 3 1 2 3 3 3 3 0 2 1 2 2 3 3 4 1 2 4 1 0 2 1 0 0 3 4 4 1 4 3 4 1 1 0 1 3 2 3 1 4 3 4 3 0 0 1 1 0 
1 3 0 2 1 2 4 2 4 4 3 2 1 3 4 0 4 1 2 0 2 2 3 2 3 2 3 0 4 4 0 0 3 3 0 0 4 1 2 4 2 1 1 2 0 0 0 0 0 1 0 1 1 2 4 1 1 2 2 1 4 0 1 2 3 4 4 0 1 3 3 1 4 3 3 3 2 4 0 4 0 0 1 2 2 1 4 4 2 3 2 0 4 0 0 3 3 1 4 1 0 2 3 0 0 3 2 2 2 4 1 0 0 1 4 1 0 2 3 0 1 0 1 1 1 4 4 1 1 2 0 2 
2 1 0 0 0 2 1 4 0 2 2 2 2 2 4 1 0 4 1 0 1 4 4 1 4 4 4 2 2 3 4 2 1 3 0 3 0 1 1 4 1 2 4 0 1 1 3 1 3 2 2 4 0 2 1 3 0 0 0 0 2 0 0 3 1 1 3 3 4 1 1 0 0 1 2 4 3 4 4 1 0 3 1 0 4 4 2 2 4 2 1 3 4 3 1 0 4 0 2 1 0 0 3 2 0 3 1 1 2 2 1 1 1 0 1 2 2 1 2 1 1 4 3 1 3 4 0 4 3 0 3 3 
3 2 0 3 1 2 1 3 0 3 0 1 1 3 4 0 3 4 0 2 2 4 3 3 1 2 1 4 2 1 3 2 3 0 4 0 1 4 0 1 4 0 2 3 1 1 2 0 4 4 4 4 0 3 0 4 4 0 4 3 4 1 2 0 3 2 0 4 2 3 3 1 3 2 4 2 2 0 4 3 1 2 1 4 4 0 4 0 1 3 2 3 2 0 4 3 1 0 1 4 0 3 1 1 3 2 4 4 0 2 2 3 4 3 3 0 2 1 2 4 4 2 0 4 0 3 1 2 4 1 3 1 
0 4 3 1 2 1 0 2 0 1 1 3 4 1 1 1 3 0 4 3 0 1 1 2 0 2 0 1 3 3 0 2 2 1 2 2 4 2 3 2 2 0 0 4 3 4 4 2 1 2 1 4 3 2 0 1 4 0 3 1 2 2 0 2 1 2 1 2 2 2 0 0 3 3 0 1 1 3 0 0 0 4 4 2 1 3 1 1 3 0 3 0 3 1 1 4 2 4 2 3 2 1 0 2 1 2 4 2 1 2 0 1 1 3 1 2 1 1 2 4 1 1 4 1 2 3 4 1 0 0 0 4 
3 4 0 1 2 1 3 1 0 1 2 2 1 0 4 4 1 4 3 2 2 2 3 3 2 4 1 2 0 2 1 4 3 2 2 3 1 4 4 4 0 2 3 2 0 2 0 3 2 0 1 1 4 3 2 2 1 4 2 0 3 0 4 2 2 3 3 3 2 1 1 2 4 2 1 3 1 4 0 2 3 2 1 3 3 3 3 1 3 4 1 2 4 0 4 4 2 0 3 2 0 2 2 0 3 2 4 0 0 3 1 1 4 1 3 0 4 0 4 0 1 1 0 0 0 3 4 4 3 2 3 4 
2 2 0 2 1 1 4 4 2 4 1 2 1 2 3 1 2 1 4 4 4 3 4 1 0 3 0 1 0 4 0 2 4 4 4 2 2 0 0 1 0 2 0 4 1 2 0 0 3 0 2 0 1 4 1 4 1 3 4 0 4 4 3 2 3 3 3 0 4 3 0 3 2 4 1 3 2 3 4 3 2 2 4 2 4 1 4 0 3 2 0 1 1 2 1 4 3 1 0 0 4 3 1 4 0 1 2 4 0 3 1 0 4 4 4 3 0 2 1 3 3 3 1 2 0 3 0 0 4 0 1 3 
3 2 4 0 1 1 2 1 3 0 2 0 0 1 4 1 1 0 1 4 3 0 2 1 3 0 4 2 3 4 1 1 3 1 4 0 3 2 2 4 4 1 2 1 3 0 1 0 4 1 3 1 4 3 2 3 0 4 2 3 4 3 3 2 1 1 0 2 1 0 3 2 0 1 1 2 2 3 3 4 4 2 3 0 4 4 4 4 3 1 3 2 2 1 4 3 0 4 1 0 3 1 3 3 2 0 2 3 4 0 1 1 0 4 1 4 2 3 3 1 2 4 1 3 2 4 4 4 4 0 4 1 
3 0 1 3 0 2 2 3 1 3 1 1 4 4 0 3 0 3 0 2 4 4 2 2 2 3 2 3 0 1 3 1 1 2 0 4 1 4 0 1 2 2 4 2 3 1 4 0 0 3 0 2 2 3 3 2 4 1 1 0 2 1 4 3 2 1 0 0 4 1 1 1 3 4 3 0 1 4 0 4 1 2 4 0 3 3 3 2 0 0 0 4 0 3 2 2 4 2 1 4 0 1 0 3 2 4 0 3 4 2 3 4 4 1 4 2 1 4 1 2 3 3 0 2 3 2 2 3 0 1 0 1 
1 2 4 1 2 1 2 0 0 2 0 1 3 1 0 2 3 3 4 1 0 0 3 2 3 3 3 4 0 3 4 3 1 3 3 4 3 0 4 3 4 3 4 1 3 4 4 0 2 4 4 4 3 0 1 2 4 2 2 4 2 2 2 0 0 4 3 1 2 1 1 1 1 0 3 4 1 0 0 2 4 0 0 2 1 4 1 3 1 4 0 4 1 4 3 3 3 0 2 1 1 2 3 4 4 3 1 4 3 3 1 1 4 2 4 1 1 1 4 0 2 3 2 0 4 2 3 2 2 1 4 4 
1 0 4 1 1 4 3 3 0 0 3 2 0 0 1 4 1 4 0 4 4 1 3 3 4 4 2 0 4 3 0 2 1 4 2 4 0 1 4 3 4 3 0 4 0 2 4 1 0 2 4 0 4 3 3 3 4 2 0 2 4 1 1 3 0 1 1 0 2 4 4 0 4 3 1 1 3 0 1 0 4 4 3 0 4 0 1 2 4 4 1 4 2 4 1 3 4 1 2 3 4 1 0 2 4 2 2 1 3 4 1 3 3 0 0 1 1 3 3 1 0 2 4 2 2 1 3 3 3 3 0 4 
2 3 1 2 1 0 3 4 3 1 4 0 0 2 4 0 1 2 1 3 2 3 1 0 3 1 4 2 2 3 4 3 3 0 1 0 2 3 2 3 4 1 4 2 0 3 3 0 2 1 3 0 3 1 0 2 2 0 4 0 0 0 0 0 4 3 4 3 4 0 0 1 0 2 4 4 0 2 4 3 4 1 0 2 4 4 2 1 2 4 1 1 2 1 1 0 2 1 4 0 4 1 4 3 2 4 2 3 1 1 0 3 3 1 2 4 0 4 2 3 2 4 1 1 0 1 3 3 4 3 4 2 
4 3 1 0 4 4 3 0 0 3 1 2 4 1 0 3 2 0 2 3 0 4 4 3 4 3 0 0 1 1 0 2 3 2 2 2 1 4 0 2 0 0 2 4 1 3 4 1 1 2 2 1 0 4 1 0 2 0 2 4 4 3 4 1 4 3 1 3 2 1 2 1 3 3 3 0 3 1 2 1 3 4 2 1 2 3 4 4 0 1 0 0 2 0 1 2 0 3 3 1 2 2 0 2 1 0 1 0 0 0 4 3 3 3 1 1 0 1 3 0 1 1 4 1 3 0 4 0 1 3 4 3 
4 3 2 0 2 3 2 4 2 1 0 4 0 2 1 2 1 4 0 3 4 3 3 2 0 2 3 3 3 1 3 2 3 3 2 3 1 0 1 0 0 4 2 3 3 2 4 4 3 1 4 4 4 0 2 1 3 3 1 2 3 2 3 2 3 1 4 1 3 1 4 3 4 0 1 3 4 3 3 0 4 1 0 0 2 2 3 2 3 4 2 3 2 4 0 0 1 4 2 0 0 4 1 2 2 2 1 4 4 2 1 2 2 3 0 2 1 2 2 0 4 3 1 4 0 1 4 4 2 0 1 2 
0 4 3 4 2 3 0 4 3 2 1 3 0 3 4 3 1 4 4 0 1 1 0 2 0 4 0 1 1 0 4 3 2 0 0 1 3 4 0 0 0 2 1 2 2 1 2 3 3 4 1 1 2 4 1 1 2 0 0 0 4 0 4 3 0 3 2 0 4 4 2 2 1 2 2 0 0 3 3 4 2 1 4 1 4 1 1 2 0 0 3 3 1 4 2 3 3 3 1 1 0 4 1 1 4 4 1 0 2 2 1 1 3 3 2 4 2 3 1 0 1 1 0 4 1 2 4 1 0 2 0 3 
3 1 3 0 0 2 1 0 1 1 3 4 3 1 2 2 3 2 4 3 0 3 1 3 2 1 1 3 3 2 2 1 4 2 2 3 0 3 1 2 3 3 3 4 1 0 4 0 1 2 2 4 4 3 3 2 4 1 4 4 0 2 4 0 1 3 1 4 1 4 4 0 3 0 0 2 0 2 3 2 2 2 2 0 1 2 0 2 0 3 4 1 4 0 1 0 2 0 1 2 3 3 2 1 3 3 1 4 2 3 0 0 0 3 3 1 0 0 1 3 3 2 2 1 0 4 3 3 2 0 0 0 
4 3 2 4 0 3 3 2 1 1 0 3 2 0 1 1 1 2 0 0 4 0 3 1 0 2 0 0 0 2 2 2 3 3 0 1 3 4 4 3 0 0 2 3 0 4 2 2 1 2 4 1 3 1 4 0 0 2 1 0 2 4 3 4 2 2 0 4 3 4 2 1 4 2 2 4 3 0 0 0 4 2 3 3 1 0 1 0 4 0 3 4 4 1 1 4 0 3 4 0 0 2 0 2 2 2 4 3 0 4 3 0 1 3 2 2 0 4 1 2 3 0 4 0 0 2 3 2 0 0 1 4 
0 3 4 4 3 3 2 0 0 2 3 4 2 3 0 3 2 2 4 3 4 3 4 1 1 4 4 2 1 2 0 1 0 0 3 4 0 3 0 3 3 1 4 0 1 1 2 3 3 3 0 1 1 1 0 4 1 3 3 0 3 1 3 2 3 1 3 2 3 4 0 2 2 2 0 3 2 2 0 2 1 2 4 3 3 4 2 3 0 4 0 1 3 0 2 1 2 0 2 3 3 1 4 1 4 4 3 0 2 2 0 3 1 1 3 3 1 0 2 4 0 2 4 4 0 1 4 1 3 2 1 1 
2 1 3 4 4 0 0 0 0 4 0 4 0 2 4 3 0 0 0 3 0 2 0 0 3 2 0 1 3 3 2 2 2 4 0 4 1 3 2 2 2 3 2 1 3 0 4 4 4 4 2 2 2 1 0 1 3 2 1 1 2 3 3 4 0 1 1 4 1 1 3 3 1 2 2 2 2 4 0 2 3 0 0 0 4 3 4 4 4 4 2 3 0 4 0 2 0 1 4 4 1 2 1 3 3 0 1 3 4 4 4 4 1 0 4 3 1 2 0 3 2 4 3 3 0 1 2 4 3 4 3 3 
4 2 1 0 1 3 0 1 4 3 4 4 1 3 4 4 1 4 1 0 0 4 3 1 0 1 4 3 4 3 2 0 3 2 2 2 2 4 0 2 3 2 4 1 2 1 3 2 4 2 3 0 4 1 1 2 3 2 1 2 3 2 4 3 1 4 1 4 4 1 2 2 2 0 4 0 3 1 0 0 1 4 4 1 3 2 1 4 1 1 4 0 3 4 1 2 0 2 1 2 4 4 3 3 2 2 1 3 1 3 0 3 3 3 4 4 4 3 4 3 0 4 3 2 3 1 3 1 0 2 2 2 
3 1 4 2 0 2 2 1 4 2 0 4 4 2 4 1 4 4 0 1 1 2 4 4 0 2 4 2 2 1 1 4 2 2 2 3 2 0 1 3 0 1 4 1 1 3 4 2 4 2 4 0 1 1 4 4 4 0 2 4 3 0 3 1 4 0 1 0 0 2 1 2 1 2 2 0 0 0 1 4 3 3 0 0 1 0 3 3 2 4 2 0 4 1 0 2 3 4 1 2 0 0 1 1 3 3 1 1 3 3 0 3 4 3 1 1 4 3 0 3 4 1 3 1 2 1 0 3 3 4 2 1 
2 3 1 2 1 3 2 3 2 2 2 4 1 3 1 1 1 0 1 1 4 1 0 0 2 3 3 0 2 0 0 3 0 2 4 3 3 0 2 2 3 1 2 0 4 4 3 0 4 0 0 3 3 4 3 1 3 4 0 4 1 0 4 2 1 0 3 2 0 3 1 2 4 3 4 0 2 4 0 0 2 4 4 1 2 2 3 4 1 3 0 0 0 2 3 0 3 1 4 2 4 4 1 4 4 0 0 2 4 2 3 0 4 0 0 0 2 4 1 4 1 0 2 4 0 0 2 4 1 1 0 0 
0 4 1 0 4 0 4 1 2 2 0 2 3 1 4 1 3 2 3 4 1 0 2 4 0 2 3 1 3 2 2 4 0 1 2 2 0 1 3 4 2 1 0 2 2 1 0 1 0 4 1 0 4 4 1 0 2 1 1 3 1 0 0 0 0 4 0 4 3 0 1 2 0 2 3 1 4 3 1 2 0 3 0 4 3 2 4 1 0 4 0 2 4 4 0 2 2 4 2 0 4 1 3 1 3 3 4 3 2 1 1 1 1 1 0 2 1 1 0 3 1 0 4 2 3 0 1 4 0 4 4 4 
0 4 4 2 1 2 0 2 0 4 1 2 2 0 0 0 3 3 4 2 3 1 4 4 2 0 1 2 1 3 1 2 3 1 4 2 4 2 0 2 0 4 1 3 4 4 1 2 0 0 0 0 2 3 3 3 4 2 2 2 1 3 0 4 2 3 1 1 2 2 2 2 4 2 2 3 0 3 3 4 3 3 2 4 2 4 0 1 1 2 2 1 4 1 4 0 2 4 4 1 2 3 3 1 3 2 4 0 4 0 2 4 0 3 3 2 2 2 3 3 2 2 4 3 3 0 3 4 3 4 2 2 
4 3 4 1 3 1 2 2 4 1 3 2 1 1 3 0 4 3 0 2 3 2 3 0 1 3 4 1 1 0 1 1 3 3 2 1 3 3 3 0 0 3 3 2 1 1 2 2 2 3 1 0 1 2 1 1 0 0 3 2 3 0 4 4 1 4 3 2 2 3 0 1 0 4 1 3 3 0 1 0 0 4 3 4 0 3 0 1 1 2 3 4 1 4 1 0 0 4 3 1 1 2 2 0 4 2 1 0 3 4 1 1 1 3 0 3 0 1 3 4 4 4 4 0 0 3 3 2 3 1 4 2 
2 0 3 3 4 0 2 3 0 3 2 1 4 2 0 4 3 1 3 3 3 1 3 4 2 2 4 4 3 4 4 3 4 3 1 1 2 2 3 3 2 1 3 1 1 1 2 3 2 1 3 2 2 2 1 1 0 2 4 3 3 1 4 2 4 1 2 4 4 0 3 0 4 4 4 2 1 2 3 2 1 4 2 4 2 4 2 3 3 4 3 3 2 2 3 3 1 1 3 4 3 3 2 3 0 0 4 4 0 0 1 3 3 3 0 0 3 1 0 3 3 1 0 0 3 2 3 0 3 2 0 2 
1 2 3 3 1 3 0 4 3 4 1 0 0 1 2 2 2 3 2 1 2 3 4 1 4 4 0 4 2 2 4 4 3 4 1 0 1 0 4 0 1 3 1 2 2 4 1 0 3 1 4 3 4 2 4 3 4 2 4 0 0 4 0 2 4 1 1 3 2 3 3 4 3 3 0 2 1 2 1 2 3 3 3 0 0 4 3 3 1 4 2 1 2 3 0 1 0 4 3 2 3 2 3 2 3 0 2 1 3 2 1 3 4 2 4 4 2 0 4 1 4 1 1 2 4 1 3 0 1 2 4 4 
2 0 1 4 0 1 1 0 0 4 4 2 4 1 4 0 2 3 0 1 4 0 0 2 4 4 1 3 3 1 2 4 4 0 0 0 4 2 1 4 3 4 1 3 1 4 2 2 1 1 1 4 4 2 1 4 2 1 2 2 2 4 3 4 0 2 1 4 1 2 3 0 4 4 3 2 1 2 1 4 4 4 4 2 4 4 2 1 1 2 4 4 0 0 1 0 4 3 1 4 3 4 1 2 4 4 0 2 1 0 4 0 2 0 4 1 3 3 3 1 0 0 3 0 1 0 0 4 3 1 2 1 
0 4 4 3 3 0 1 2 0 0 3 3 4 2 0 1 2 4 4 4 3 0 0 0 0 2 0 2 0 2 4 1 1 1 2 3 3 4 2 4 4 4 1 2 1 2 2 4 4 0 2 3 1 4 0 1 0 2 0 2 3 4 3 4 1 3 3 0 1 2 4 2 4 0 0 4 3 3 0 0 3 2 1 4 0 4 2 2 2 3 0 2 1 1 1 0 4 1 3 3 1 0 3 3 3 3 4 3 2 1 2 2 2 4 0 4 1 1 4 0 3 4 4 1 3 0 1 0 1 1 3 0 
2 3 1 1 3 0 1 3 2 2 4 0 1 0 3 3 0 2 4 0 1 4 0 0 4 4 4 0 0 3 1 3 3 4 0 1 1 0 0 3 2 4 0 1 1 2 2 1 1 4 0 1 3 4 4 2 0 4 3 0 2 3 2 2 1 1 0 4 0 2 2 1 0 4 1 1 4 4 3 3 3 3 4 3 0 4 4 2 0 4 2 0 1 0 0 4 3 4 1 4 2 0 3 1 0 0 0 2 4 4 3 4 4 1 0 2 0 2 2 1 4 4 0 4 1 4 0 3 0 1 1 2 
1 3 2 1 2 4 4 4 0 1 4 1 1 3 2 4 2 2 0 1 1 2 4 0 3 1 0 2 4 1 3 1 0 4 1 4 3 4 0 0 4 0 4 3 4 4 0 4 0 2 3 1 4 3 4 2 4 2 2 1 3 2 3 2 3 4 0 3 0 0 0 2 4 1 1 0 3 4 1 1 3 0 2 2 0 4 0 0 3 4 2 2 1 3 0 2 2 2 3 2 2 1 1 2 0 2 2 2 1 0 3 1 0 4 3 0 1 1 1 1 4 1 4 1 3 2 1 2 3 1 4 3 
3 4 2 2 3 0 1 2 1 2 4 2 2 3 0 1 4 4 4 3 1 4 1 2 2 4 3 2 0 1 2 2 1 4 1 2 2 2 3 3 1 2 4 1 3 2 4 0 3 2 4 2 4 3 2 3 0 1 1 4 2 1 0 1 1 0 3 1 4 3 4 1 4 0 1 3 0 1 0 2 3 1 0 2 2 2 3 2 3 2 2 3 0 3 2 2 0 4 2 2 0 0 4 1 4 1 0 1 1 1 1 1 1 4 2 3 4 3 0 2 2 1 0 2 3 4 4 3 3 0 1 2 
2 2 3 3 0 4 2 3 1 2 4 3 2 2 0 0 0 4 2 4 0 3 3 2 3 3 1 2 1 3 0 1 2 3 3 3 0 4 0 3 3 1 4 0 3 0 4 3 0 2 2 4 2 2 4 2 4 0 1 4 2 4 0 4 1 3 0 0 4 1 3 1 0 2 4 1 0 3 4 2 4 0 0 0 1 2 3 4 1 2 4 0 4 1 4 1 2 0 0 1 0 4 1 1 0 1 3 2 3 4 3 4 0 2 3 1 3 2 3 2 2 1 2 3 1 0 1 2 0 2 3 1 
2 1 2 4 1 2 3 2 3 4 3 3 1 0 3 3 2 0 4 2 2 1 2 3 1 3 2 0 0 2 0 0 2 1 3 2 4 1 2 0 2 3 2 4 4 3 0 0 1 4 2 2 0 2 4 4 2 4 0 4 4 2 1 3 3 1 1 1 4 3 3 1 1 3 1 1 0 0 1 2 3 4 4 1 4 4 3 1 2 0 0 3 2 0 2 3 1 0 0 2 2 3 2 4 2 4 4 4 1 0 4 2 2 0 4 4 1 1 4 0 1 0 4 0 1 3 3 1 0 4 0 3 
4 4 1 2 2 2 2 0 3 1 2 2 0 0 1 0 2 2 4 1 2 1 0 4 4 3 1 3 3 2 4 4 3 2 0 2 0 2 4 1 1 3 0 2 3 4 3 3 4 4 3 4 2 4 2 0 2 2 2 3 4 4 1 1 1 3 1 3 0 1 0 0 2 1 0 3 1 2 3 2 2 4 0 1 3 3 1 2 1 2 2 2 3 1 1 3 0 0 4 4 2 4 3 1 0 1 2 0 2 1 4 4 3 4 3 2 3 1 4 2 2 1 4 0 3 4 2 1 0 4 2 3 
2 0 0 1 4 1 3 1 1 2 3 2 0 2 1 0 4 1 1 1 4 0 0 1 4 4 3 2 3 0 1 2 1 4 0 2 1 2 2 2 3 3 0 1 1 4 3 2 2 0 4 4 3 1 0 2 1 1 1 3 1 3 0 4 1 0 4 0 3 4 1 3 1 4 4 2 2 1 3 3 0 0 4 3 4 3 1 0 3 3 2 2 1 1 0 2 0 1 0 4 2 1 2 0 1 2 4 4 4 1 4 3 1 4 2 3 0 2 1 1 2 2 2 4 3 1 1 4 3 4 3 4 
1 3 2 1 1 4 0 0 2 3 0 3 0 3 4 4 4 2 4 3 4 3 2 1 3 2 4 1 2 0 3 1 4 4 0 3 1 1 3 4 2 4 3 2 2 2 2 0 0 2 0 0 2 4 2 3 4 3 2 3 1 0 1 2 1 4 2 3 3 4 3 1 4 4 1 2 4 0 1 1 3 0 3 4 1 3 1 4 1 3 4 4 1 2 4 4 2 3 1 3 0 2 0 0 0 2 2 0 0 0 1 0 4 0 3 3 4 2 4 1 3 2 3 4 4 4 4 0 4 1 4 3 
0 1 4 0 4 1 3 0 1 0 3 2 1 3 1 0 3 3 3 2 0 3 2 3 4 3 3 0 4 0 2 1 3 2 2 1 1 2 4 1 4 2 1 1 1 2 4 1 3 1 4 0 2 4 1 4 1 4 1 3 4 2 1 2 2 0 0 1 2 0 3 4 1 3 4 4 4 0 1 2 4 1 1 1 3 3 3 0 2 1 1 0 2 3 1 3 4 4 4 0 0 4 1 3 2 1 1 0 0 3 3 4 1 0 2 3 1 3 4 1 1 4 2 0 3 0 4 3 3 3 1 0 
4 3 3 2 3 2 4 2 3 2 1 2 3 0 4 0 3 1 2 4 3 3 3 4 3 4 3 4 2 2 0 0 0 0 4 0 3 0 0 0 4 1 1 0 0 3 2 4 3 2 3 1 1 4 2 3 2 3 1 2 3 2 3 3 0 0 0 4 4 1 3 0 2 0 2 1 3 0 2 1 1 1 3 1 0 0 4 3 3 4 1 3 3 2 2 1 3 3 3 3 1 0 4 4 2 1 3 2 3 2 3 1 4 4 4 2 4 0 3 1 1 3 0 4 2 2 3 0 4 1 0 4 
0 4 1 0 3 1 2 3 0 0 2 0 1 0 0 1 2 3 2 2 3 2 4 1 1 3 0 4 3 3 3 2 2 1 3 1 3 2 4 0 1 4 2 4 4 3 4 2 3 2 3 1 3 2 4 1 1 0 4 1 2 2 4 0 3 3 0 4 0 0 4 0 2 1 3 1 0 2 0 3 3 4 3 1 0 4 0 2 2 2 4 1 1 2 2 1 4 0 4 4 0 0 3 1 4 4 3 3 2 2 1 0 3 3 1 4 0 0 2 1 2 4 1 1 0 4 0 2 2 2 2 2 
1 1 2 2 2 4 3 1 2 2 3 0 3 2 2 4 1 2 1 0 1 1 1 2 0 2 1 4 1 2 2 3 4 3 0 3 4 3 0 2 1 2 3 0 4 4 4 1 4 2 1 4 4 2 0 2 1 0 4 3 1 3 1 3 2 0 2 3 3 2 0 1 4 4 3 2 0 2 3 2 0 2 2 4 1 2 0 3 2 2 4 1 2 2 2 1 2 4 4 1 4 2 2 2 4 1 2 3 0 2 1 1 0 0 3 1 3 2 3 3 4 1 0 3 1 2 3 1 3 4 2 0 
2 2 1 4 1 4 0 4 4 1 2 0 3 0 1 3 3 3 0 4 1 4 2 4 4 1 4 4 1 1 1 2 0 1 1 0 1 3 2 0 3 1 3 2 0 2 0 2 1 4 2 0 0 2 4 0 4 2 2 3 2 4 3 4 2 2 3 2 3 0 3 2 3 1 1 4 0 2 4 4 2 4 0 4 2 3 3 1 3 2 0 4 0 0 1 3 2 4 2 3 4 3 1 2 1 4 3 2 4 2 1 0 1 2 4 3 1 4 3 4 0 3 2 0 1 4 1 4 2 0 4 0 
2 3 2 0 2 0 2 0 2 3 3 1 0 4 3 3 2 2 0 4 3 2 3 3 0 4 3 3 2 3 2 4 3 0 1 4 2 1 1 3 1 2 0 2 3 1 4 4 0 4 0 2 3 0 4 2 1 4 3 4 1 1 0 1 1 4 1 4 3 3 0 4 4 3 2 4 1 4 2 3 0 2 4 0 3 1 4 3 1 3 0 3 0 0 1 0 2 4 4 1 0 0 1 0 2 3 0 3 2 2 0 1 1 2 4 0 4 3 4 2 2 3 2 3 4 3 3 4 4 2 2 0 
2 0 1 4 3 1 0 1 0 3 4 4 2 2 0 3 1 1 3 0 4 2 4 4 4 4 4 4 0 3 0 2 1 2 0 2 4 2 4 0 4 1 2 1 0 1 3 2 4 1 4 1 0 1 0 2 2 2 1 0 0 0 2 1 4 4 0 0 1 2 4 3 4 4 1 1 2 2 2 0 4 1 4 2 0 3 4 4 2 4 3 4 0 0 3 2 4 4 1 3 2 0 1 0 1 2 0 2 4 3 2 2 4 0 2 1 2 1 3 0 1 1 4 4 1 0 4 3 2 0 1 4 
0 1 4 4 0 2 3 2 2 2 0 4 1 0 3 3 0 1 3 3 4 1 4 1 3 1 2 2 2 3 2 4 1 0 1 1 0 4 4 4 4 0 3 4 1 1 0 0 2 2 3 0 0 3 1 1 4 4 3 2 2 2 1 3 0 3 4 3 0 4 1 2 1 0 3 4 1 0 1 2 1 4 4 4 4 2 1 3 4 3 1 2 0 0 3 1 2 3 2 0 0 2 3 1 4 0 2 2 0 1 1 2 0 4 2 3 0 4 2 2 4 2 3 3 2 0 3 2 4 4 3 0 
0 0 4 1 1 2 1 0 2 4 0 3 0 1 2 1 3 0 3 2 1 4 0 2 0 3 0 3 0 3 1 3 4 2 2 3 0 0 2 3 1 3 0 1 3 3 4 0 3 3 3 3 4 2 4 0 3 2 2 3 4 4 1 1 2 4 3 4 4 3 0 1 4 3 0 3 3 3 0 4 2 3 3 4 1 1 4 3 3 4 2 2 1 0 3 1 4 1 1 0 1 2 3 4 3 1 3 4 2 2 1 3 1 4 4 0 3 2 4 4 3 4 1 3 3 2 1 2 4 4 1 3 
3 1 0 1 2 2 2 4 1 4 4 2 4 1 0 1 3 3 3 2 1 1 4 0 4 3 4 0 0 2 3 2 2 3 3 2 3 3 0 1 0 1 1 3 1 1 1 4 0 3 2 3 3 2 0 1 0 0 4 2 0 0 0 1 3 2 3 4 4 0 3 0 3 0 1 4 2 3 0 4 4 4 2 1 0 0 3 3 2 2 3 3 4 4 2 0 1 2 3 3 3 1 3 4 2 2 0 4 2 1 0 2 2 0 2 0 0 2 4 4 3 3 0 3 0 1 2 3 1 0 3 4 
2 0 1 0 0 1 3 4 3 3 4 4 2 2 0 4 1 3 4 2 1 2 4 2 0 0 2 1 1 4 0 0 2 1 3 2 1 4 0 2 0 4 4 3 3 2 3 3 0 0 0 2 4 0 2 3 2 1 1 0 0 3 3 1 0 3 1 2 2 4 1 4 4 4 0 0 1 2 2 4 4 2 3 4 0 2 1 3 0 1 1 4 0 2 0 0 0 3 4 3 3 2 1 1 4 4 0 1 1 1 2 2 3 1 0 0 4 1 4 2 0 3 0 1 3 3 3 3 0 0 3 2 
2 4 4 4 3 1 0 3 0 3 1 1 4 2 4 0 0 0 0 1 1 3 0 2 1 3 3 1 4 1 1 1 3 1 2 0 0 1 3 0 4 1 0 4 1 0 0 1 2 2 0 4 0 1 4 3 4 1 3 3 4 1 4 3 2 4 0 3 3 1 2 1 1 4 2 1 3 2 1 3 3 0 3 1 4 1 0 0 3 2 2 3 1 3 4 1 0 4 0 2 3 0 4 0 2 1 3 3 2 1 0 1 0 4 1 0 3 2 2 3 2 2 4 4 2 2 4 4 1 4 0 1 
2 2 0 3 2 0 0 4 3 2 1 4 0 1 0 1 1 3 1 0 2 0 1 1 4 2 4 3 1 2 2 1 3 0 4 4 0 1 2 0 0 3 1 2 3 3 2 4 2 1 3 1 3 3 3 2 2 2 2 0 2 0 1 3 2 4 1 2 4 1 2 1 3 0 4 2 0 1 4 0 1 1 1 3 4 0 0 4 0 1 2 3 4 3 3 2 0 4 3 1 0 3 1 2 2 4 4 1 1 2 2 3 4 4 1 2 1 3 0 4 3 4 3 2 2 4 3 2 2 1 2 0 
4 1 1 4 2 4 3 1 2 1 4 3 3 1 4 4 2 4 3 0 4 1 1 2 2 2 3 3 2 2 3 0 2 3 3 3 4 4 3 2 2 3 1 3 1 2 0 2 4 2 4 3 4 2 1 1 4 4 3 3 4 2 3 2 4 4 3 0 4 2 2 1 3 4 4 3 3 3 4 0 3 3 0 1 0 4 2 1 2 3 2 3 1 0 4 1 0 3 3 3 2 0 2 0 4 4 4 4 2 3 0 2 4 4 0 4 3 4 2 0 2 2 1 0 4 4 3 1 3 1 2 0 
3 4 2 1 1 1 2 3 0 4 0 2 4 1 2 1 4 0 4 1 3 1 4 2 3 1 3 0 0 2 0 4 4 3 0 1 1 2 2 4 1 4 1 3 1 3 3 1 4 4 3 1 3 3 1 0 3 1 1 4 3 4 2 4 2 2 0 2 1 3 3 3 0 4 2 3 2 1 1 2 0 3 4 1 1 4 0 3 1 3 4 3 4 4 3 1 0 1 2 0 1 2 3 4 1 2 1 2 4 0 3 0 4 2 4 4 0 1 4 0 2 3 3 1 2 2 3 2 1 4 2 4 
3 0 0 4 4 0 2 1 2 0 4 4 0 3 2 2 1 2 3 1 3 1 2 3 3 1 0 3 4 3 1 0 3 0 1 0 2 0 0 0 2 4 2 4 4 0 2 2 4 1 2 2 1 2 2 0 2 0 3 4 1 3 1 2 4 1 0 4 3 3 1 4 1 2 1 2 2 2 4 1 2 2 3 0 1 4 1 0 3 2 2 2 1 4 0 4 4 0 2 0 4 0 3 3 3 1 2 0 1 2 3 1 4 3 0 4 3 4 3 2 2 4 0 1 4 3 0 2 0 0 1 2 
4 0 0 1 2 1 4 4 3 2 4 1 4 3 2 3 3 0 2 4 2 3 3 0 4 2 2 1 0 1 4 3 2 1 0 2 4 0 2 4 3 3 0 4 3 3 4 4 3 4 0 1 1 4 2 3 3 4 0 0 1 0 4 3 2 1 3 1 2 3 0 0 2 0 0 3 4 1 0 2 1 0 4 1 4 2 2 0 2 1 1 0 4 2 0 4 0 0 2 1 0 3 1 3 3 0 1 4 0 4 0 4 0 4 4 4 0 2 3 2 1 0 4 2 3 1 0 2 1 1 0 3 
2 3 2 2 2 0 1 2 0 1 2 2 4 4 4 2 3 4 1 4 2 0 4 2 3 3 4 2 3 0 4 3 0 3 1 0 4 1 2 0 0 0 3 1 1 0 1 3 0 4 3 2 4 3 3 0 3 2 2 3 1 3 2 4 3 4 0 2 0 1 2 3 0 1 3 4 1 3 2 1 2 2 3 3 3 1 1 1 0 2 2 4 0 0 0 0 3 1 4 4 4 0 3 1 2 0 4 0 2 1 4 4 3 0 3 4 0 0 2 0 0 0 1 3 0 0 1 2 3 4 4 3 
2 1 3 4 1 4 2 1 2 4 1 2 0 0 3 0 2 3 2 3 2 2 3 1 4 1 3 4 3 1 0 2 3 3 1 1 0 0 4 4 0 0 2 0 2 4 4 2 4 1 2 2 1 1 3 2 2 4 4 1 0 4 3 4 4 0 0 1 1 1 2 0 1 1 4 3 4 3 1 1 0 4 3 1 3 0 4 4 3 1 0 4 4 3 4 4 3 3 0 2 2 3 1 2 2 2 2 3 0 3 2 3 3 0 3 1 3 1 2 4 3 1 0 3 1 3 2 2 2 1 1 3 
1 0 3 0 4 1 3 0 4 0 3 4 2 4 4 0 1 0 2 2 1 2 0 0 0 1 1 0 1 3 2 3 2 0 1 1 0 1 3 1 4 3 0 0 4 4 3 1 0 3 0 2 0 0 1 3 0 3 2 4 0 0 1 0 2 1 2 4 1 3 2 0 3 4 4 2 1 2 4 3 4 2 1 1 4 2 4 3 2 0 0 0 3 1 3 4 0 1 4 1 2 3 2 2 4 2 3 4 1 1 4 3 2 2 2 1 3 4 2 0 3 1 1 3 2 2 3 3 0 2 4 0 
0 2 4 1 4 2 4 2 0 2 2 3 0 1 0 1 2 1 1 0 0 1 1 2 2 0 2 2 2 2 2 3 4 4 0 0 1 2 3 2 2 4 2 0 3 3 4 0 3 0 2 1 3 3 3 2 4 1 1 4 2 0 0 3 4 3 1 3 1 3 2 2 3 1 0 2 3 4 1 0 2 3 0 2 0 4 0 4 1 0 4 2 0 0 4 2 1 1 1 3 0 0 3 0 1 3 1 2 0 3 2 3 2 2 1 0 1 4 0 2 0 4 3 2 4 2 3 2 4 0 3 3 
1 4 0 0 4 4 2 2 1 1 2 1 3 0 0 1 1 1 0 1 1 4 0 2 4 3 0 2 2 4 0 3 4 3 1 0 2 4 2 4 2 4 4 1 4 1 3 0 2 1 1 2 2 2 0 2 3 3 3 3 1 1 2 3 4 3 2 4 4 3 1 2 1 3 3 4 0 0 3 0 0 4 3 1 0 2 4 3 0 3 4 4 2 1 4 0 3 4 2 0 0 4 0 3 1 1 1 2 0 3 0 4 3 3 0 1 2 3 3 0 0 2 4 4 3 4 2 1 0 3 2 1 
1 4 0 0 0 0 2 3 0 2 0 0 4 3 2 4 3 2 3 4 2 3 0 1 0 4 1 3 1 4 4 0 2 4 3 3 4 3 4 0 2 3 1 0 4 4 0 2 0 1 4 3 0 3 1 4 1 3 4 2 1 0 3 2 0 4 1 4 4 1 0 1 0 1 1 3 0 2 2 3 1 4 1 3 2 0 3 0 4 2 4 3 3 4 3 1 4 4 1 3 1 2 0 0 3 3 3 1 2 3 4 1 1 0 4 0 2 4 0 1 2 2 1 4 3 2 2 1 3 3 4 2 
2 3 1 0 2 3 0 4 2 2 1 3 1 1 2 1 2 4 3 2 2 0 2 0 0 2 3 4 3 3 4 3 4 4 3 4 1 2 1 2 1 3 2 2 4 2 4 3 4 0 3 1 1 0 4 1 4 0 4 4 1 3 2 1 2 1 3 3 2 4 0 3 0 1 1 1 0 4 2 0 4 2 0 0 4 4 2 1 1 3 2 2 3 1 1 2 4 3 2 3 0 1 4 0 1 0 4 0 1 1 0 3 4 2 0 3 4 1 2 4 3 3 4 3 2 0 2 0 4 4 3 0 
3 4 2 4 4 0 0 3 2 0 3 4 1 0 3 4 4 4 2 3 3 1 4 3 1 3 4 2 4 2 4 0 4 3 1 3 1 0 3 1 0 0 4 2 3 3 0 4 2 4 0 0 0 2 4 3 0 2 1 2 0 1 2 4 2 0 4 4 4 2 2 3 4 4 0 0 3 3 3 4 4 0 0 0 1 4 3 1 3 1 1 2 2 0 1 2 3 0 2 0 0 1 1 2 0 1 2 1 1 1 3 4 1 4 3 4 0 2 1 0 0 1 4 3 2 4 3 1 4 3 4 0 
1 4 4 1 2 4 3 3 0 1 3 4 2 4 3 3 1 4 2 3 4 1 3 2 0 3 0 1 1 1 1 0 4 3 2 0 4 3 0 1 2 1 0 1 2 4 3 2 3 0 0 4 2 0 3 1 3 4 0 3 3 1 3 3 3 3 4 3 0 4 3 0 0 4 0 4 1 0 1 3 2 1 3 2 0 2 4 3 1 1 0 0 2 1 0 0 0 3 0 4 0 3 2 3 0 4 4 1 2 4 1 3 2 2 4 0 3 4 3 2 1 3 1 1 2 4 4 2 2 1 1 1 
3 0 1 2 2 0 1 2 2 3 2 2 3 3 2 1 4 0 1 1 0 1 4 3 4 3 3 2 2 2 2 0 1 0 3 4 3 2 0 3 3 2 1 1 1 0 0 2 3 2 2 4 3 0 3 2 1 4 3 2 4 4 0 2 0 1 0 3 4 2 0 0 1 4 2 1 4 3 3 3 3 4 4 2 3 1 4 1 4 2 3 3 0 1 4 2 2 4 3 3 4 3 3 4 0 2 4 0 2 0 4 3 1 3 2 0 4 4 2 4 0 2 3 4 3 4 1 2 1 4 2 2 
0 3 2 0 2 2 3 4 2 3 0 3 2 4 1 0 0 3 2 3 3 0 1 2 4 0 1 1 3 0 1 1 4 1 4 2 1 3 4 1 2 0 0 1 2 3 2 4 3 0 1 0 2 4 1 0 3 1 3 4 4 0 3 4 0 4 1 3 3 1 4 0 0 0 4 1 1 2 0 2 1 4 2 2 2 1 3 4 2 0 1 0 0 2 2 3 2 4 4 0 0 2 4 0 0 0 3 2 1 3 4 2 4 2 0 4 3 4 0 0 3 1 1 2 1 0 0 4 0 0 2 1 
4 1 3 4 0 3 4 2 1 4 0 2 0 4 3 2 1 2 2 0 2 0 0 2 3 2 0 0 3 0 4 3 2 1 1 4 0 3 0 2 0 2 4 2 4 2 2 4 1 4 3 2 0 4 1 2 3 1 3 3 1 3 4 4 2 0 4 2 4 1 0 1 4 3 3 1 1 1 0 3 4 1 0 0 3 3 4 4 4 3 0 4 3 0 3 2 2 1 4 4 0 1 4 3 3 1 1 0 2 1 1 0 2 2 0 3 3 1 1 4 2 0 3 3 3 0 0 4 4 3 4 3 
0 0 0 1 3 0 2 0 3 0 1 1 2 1 0 1 3 0 3 1 4 2 1 0 1 4 0 2 3 3 1 3 3 1 1 2 1 3 0 0 2 0 3 1 1 4 1 0 2 4 2 1 1 3 3 1 3 0 1 1 3 1 0 4 2 1 0 0 3 3 4 0 3 0 3 2 3 1 2 0 2 3 1 1 1 1 3 2 4 2 0 1 3 3 0 0 2 2 2 3 2 2 3 3 4 4 2 2 3 2 0 0 3 3 3 1 1 3 0 0 0 0 0 4 2 1 1 3 2 0 1 4 
0 0 2 3 4 1 4 2 0 2 3 1 3 0 2 4 1 4 1 2 3 1 4 3 3 0 1 0 1 4 2 0 4 0 3 2 3 2 4 1 4 0 2 3 1 4 0 2 2 2 3 0 3 1 4 3 3 0 3 1 3 0 0 2 4 2 0 3 1 2 3 0 4 1 4 1 2 2 2 1 0 1 4 1 3 0 2 0 2 3 3 1 4 0 0 2 3 3 1 2 2 4 4 0 0 4 1 3 2 2 3 3 3 1 3 1 2 2 2 2 0 0 3 2 3 2 0 1 1 2 4 1 
2 4 1 2 3 2 4 1 4 2 1 2 3 1 2 2 2 0 2 3 1 3 2 4 2 3 3 0 4 2 1 1 0 3 2 2 1 3 1 1 0 0 1 2 1 3 3 0 2 3 4 3 0 4 1 2 3 2 1 0 1 3 0 0 3 2 1 3 3 2 3 2 2 3 0 3 1 2 3 4 1 4 4 1 4 3 0 2 3 0 1 2 0 3 3 0 4 0 1 3 2 0 3 4 0 1 2 3 0 4 4 1 3 4 0 4 0 4 2 3 4 1 3 0 3 0 1 0 3 0 0 4 
1 1 1 2 1 0 3 4 1 0 3 3 1 3 2 0 0 0 4 2 1 0 0 2 0 1 4 4 3 3 1 2 2 2 3 3 3 4 4 2 1 2 4 3 2 4 3 2 2 2 3 2 4 4 3 1 3 2 4 4 0 0 3 2 4 0 1 0 3 4 0 3 0 0 3 2 4 2 2 0 0 1 2 2 2 3 2 1 2 3 1 2 0 2 2 3 1 2 0 3 3 2 0 4 3 1 0 2 1 1 3 3 2 1 2 1 0 1 2 0 3 4 1 4 1 4 4 4 3 1 2 0 
0 4 4 1 1 3 3 4 4 3 4 4 2 4 2 4 2 3 1 0 4 2 1 3 3 2 4 1 4 0 0 4 4 0 2 4 3 0 0 1 2 4 2 0 0 3 2 3 3 0 2 0 4 4 0 2 1 4 0 4 0 0 2 3 3 4 3 3 1 3 4 2 2 2 3 2 0 2 4 1 3 3 0 0 4 1 2 0 1 1 0 0 3 2 4 4 4 2 0 1 3 3 1 1 4 0 0 2 3 0 0 1 4 3 3 4 0 1 1 4 4 0 4 2 2 4 1 0 0 0 1 2 
1 0 1 2 2 0 2 3 0 4 4 4 0 0 3 1 0 2 2 3 0 2 1 4 2 0 4 0 4 0 2 0 2 0 4 4 0 4 2 2 0 4 3 3 3 3 2 4 0 3 1 1 3 4 1 4 0 3 4 1 2 0 4 4 3 1 2 3 4 4 4 3 1 1 4 3 4 2 4 2 4 4 0 4 2 1 4 0 3 3 2 4 0 0 0 4 4 2 3 3 0 0 0 0 2 1 1 4 3 1 3 2 3 2 0 0 2 1 2 2 1 0 0 2 2 4 2 1 2 1 3 4 
2 1 3 1 3 1 0 3 4 4 3 4 1 3 2 1 3 4 2 3 4 3 0 4 0 3 2 3 4 3 0 4 1 1 3 2 3 3 4 2 2 3 1 1 2 1 3 2 3 1 1 3 2 4 3 0 3 3 2 3 3 4 4 4 4 1 2 4 4 2 0 1 3 3 2 3 1 0 0 4 4 0 4 4 4 0 3 0 0 3 3 1 3 2 1 1 2 2 0 4 0 2 3 2 4 3 2 1 2 2 0 3 4 0 4 0 2 2 3 3 2 3 0 3 1 0 0 3 1 3 0 1 
1 4 0 4 0 2 4 1 4 2 3 2 3 1 4 1 1 2 3 4 2 0 4 3 3 2 1 0 1 2 4 3 3 2 1 3 0 1 1 0 4 4 1 2 1 2 1 3 0 1 0 3 4 0 1 0 3 1 0 2 4 1 4 4 0 4 4 4 4 1 4 2 1 4 4 4 2 4 2 0 4 4 2 0 2 4 3 4 3 1 4 0 1 3 1 4 4 4 0 4 2 2 1 2 4 3 0 4 1 0 2 0 1 4 3 1 1 1 0 1 0 0 4 0 3 0 1 2 3 4 0 1 
3 1 3 4 2 3 1 0 0 4 0 4 2 2 4 4 1 3 2 0 2 0 4 1 0 2 2 2 0 3 3 4 3 3 0 3 4 0 0 0 0 4 2 3 1 2 1 1 3 3 1 0 4 0 1 4 2 3 3 4 4 2 1 1 4 1 3 2 0 3 4 4 0 0 2 4 3 1 4 4 3 0 2 1 1 2 1 3 0 1 3 3 4 2 1 3 1 1 0 2 1 2 3 2 3 1 2 2 4 0 3 3 1 2 1 4 4 2 3 1 3 4 4 1 1 4 2 2 3 4 1 0 
2 1 3 1 3 3 3 3 3 0 2 0 2 4 2 1 2 1 4 1 0 1 3 1 1 0 4 4 1 2 1 4 2 2 4 4 3 2 1 3 4 0 2 1 2 2 2 1 2 0 3 4 1 1 2 1 3 0 0 1 3 2 0 1 3 3 0 1 1 1 4 4 1 3 3 2 3 4 0 2 2 1 0 2 2 4 2 3 1 1 1 2 0 0 4 0 1 4 3 0 2 0 4 3 3 0 0 0 0 0 2 0 0 4 4 3 2 3 3 0 0 0 2 1 0 2 0 4 1 4 2 2 
1 1 1 4 2 3 1 4 3 2 2 3 1 1 0 3 3 1 4 1 0 1 0 2 2 3 3 0 3 2 2 2 3 0 3 1 2 0 1 4 3 1 4 0 4 4 2 3 1 2 4 1 4 0 1 0 3 2 2 3 4 4 2 4 4 1 3 1 2 0 3 1 4 4 4 4 0 4 4 4 3 3 4 0 4 1 3 0 4 1 4 0 4 2 3 2 3 1 2 2 4 2 4 1 4 1 0 4 0 0 2 1 3 4 2 0 4 1 3 4 1 1 4 3 4 2 1 3 1 2 0 2 
2 4 0 3 1 4 0 1 4 2 1 1 3 0 4 0 0 3 3 0 2 1 0 1 3 3 0 2 4 3 3 4 0 4 2 2 1 1 4 4 4 0 2 3 3 0 1 2 1 2 4 3 4 2 1 4 3 4 2 0 1 3 4 4 3 4 1 3 4 0 2 2 4 0 1 1 1 0 3 1 3 0 0 1 2 1 3 1 3 3 3 3 0 4 1 3 0 2 2 1 1 2 3 2 4 0 2 1 3 1 0 4 4 1 4 0 1 0 3 2 3 3 3 0 4 1 0 0 2 3 3 2 
0 4 3 2 1 1 3 1 3 0 3 2 2 2 4 0 3 1 3 3 1 4 2 3 0 4 3 4 4 2 3 0 4 3 3 3 0 2 0 1 0 1 4 2 2 1 2 1 0 4 4 2 3 1 3 1 1 2 0 1 1 2 2 3 0 4 1 0 3 1 2 1 3 1 1 0 3 1 3 3 1 1 0 1 2 3 0 4 0 1 2 2 1 2 2 3 2 0 4 3 3 2 4 4 3 0 1 3 4 3 3 0 1 3 1 1 0 0 3 2 3 4 0 0 0 3 0 0 0 3 2 4 
3 0 0 0 3 3 1 1 2 0 3 3 0 3 2 4 0 2 1 3 1 4 1 1 0 2 4 1 0 4 2 0 2 4 1 2 3 1 0 0 1 2 0 1 1 1 4 4 0 1 1 3 2 3 3 1 4 2 1 4 3 3 0 2 2 4 3 1 4 1 0 1 2 3 0 4 3 3 2 4 0 0 4 2 1 2 1 4 0 3 4 3 2 3 3 4 4 4 0 0 3 3 4 3 2 4 0 4 2 0 1 3 4 1 1 4 2 0 0 1 1 0 2 3 0 0 1 3 4 2 1 0 
2 3 3 2 1 2 4 3 3 2 3 4 4 1 1 4 3 2 2 0 0 2 2 2 1 3 3 1 1 3 4 2 3 0 4 2 4 1 2 3 1 3 3 4 0 4 0 4 3 2 3 2 3 2 2 4 1 1 2 1 2 4 0 0 2 4 4 4 2 2 4 3 2 0 3 3 3 2 3 3 1 1 3 2 2 3 3 2 2 2 0 3 3 3 2 1 4 2 1 4 0 4 0 1 2 0 4 4 1 0 0 0 0 3 0 1 2 4 4 2 2 2 2 0 2 4 0 4 2 0 2 2 
4 3 3 0 3 2 3 4 3 0 4 4 0 3 4 4 2 2 3 3 1 3 4 0 1 3 0 4 0 3 0 2 1 1 1 2 4 2 3 4 4 4 4 2 1 4 4 3 4 4 1 3 1 2 0 0 4 4 4 3 4 2 2 2 4 0 0 0 3 0 1 2 3 1 2 2 0 3 2 4 0 4 4 2 2 4 0 1 0 0 2 1 4 1 1 2 1 0 0 4 1 2 3 1 0 3 3 3 2 3 0 3 4 4 3 2 3 0 1 1 2 2 0 2 0 0 0 3 0 3 2 2 
3 2 0 3 4 1 0 3 0 2 2 0 2 1 4 2 3 3 2 4 1 2 0 1 0 1 3 0 3 3 1 4 4 0 0 4 2 0 1 4 3 1 1 3 3 1 4 0 0 1 0 1 2 4 4 2 4 1 0 4 0 3 3 1 4 4 2 0 1 4 4 1 2 0 4 0 0 3 1 2 1 2 4 2 2 0 3 1 3 0 4 2 3 4 3 0 1 1 0 2 2 4 2 1 0 4 4 1 2 4 0 1 0 0 1 0 2 1 3 4 3 4 4 3 3 0 3 3 2 1 0 4 
4 4 1 0 4 4 3 1 1 2 4 0 1 1 0 4 4 4 1 3 1 3 3 0 2 1 0 3 4 2 2 4 4 3 1 2 4 0 1 4 1 3 1 3 0 0 1 4 4 2 4 1 0 0 1 1 3 2 3 2 3 2 4 0 2 1 0 1 3 0 2 2 4 1 0 1 4 1 3 4 3 2 1 1 0 2 1 3 0 4 1 3 0 3 3 2 2 4 0 3 2 2 3 0 1 4 2 1 0 0 3 1 3 3 3 0 2 3 2 1 2 2 0 3 3 0 3 4 1 0 3 0 
4 3 1 2 3 0 2 0 4 1 3 2 1 0 0 3 3 4 0 2 1 4 1 2 1 3 1 3 2 0 0 4 4 4 1 2 2 3 0 4 3 3 1 1 2 0 3 2 3 3 4 4 2 0 0 1 0 1 0 1 3 3 3 1 3 0 4 3 4 1 0 1 3 0 2 3 4 4 4 0 2 3 3 4 1 3 3 4 4 3 3 1 2 1 3 3 0 2 1 3 1 0 2 1 1 3 0 4 4 1 3 1 4 3 2 3 3 4 4 4 1 1 3 2 0 0 2 1 3 2 2 2 
3 3 2 1 4 2 2 1 2 0 1 2 3 0 4 2 2 2 1 1 3 1 4 1 2 1 2 0 3 1 0 1 1 1 2 4 0 3 2 2 1 1 3 0 4 1 0 0 1 3 1 1 4 4 4 1 3 4 3 3 3 0 0 3 2 0 0 1 2 1 4 2 2 4 3 1 0 0 1 1 4 1 3 4 1 0 4 0 2 4 2 1 3 2 4 2 1 1 2 0 4 1 4 4 0 1 2 2 1 2 4 3 4 0 0 1 1 1 4 1 1 0 0 4 4 4 4 0 4 1 1 3 
4 0 3 0 3 2 3 0 4 0 1 2 1 4 4 3 3 0 0 0 2 3 4 0 4 4 0 4 3 2 0 4 0 0 0 1 0 3 3 1 3 1 0 4 3 4 1 3 1 1 4 4 4 4 4 4 0 1 3 4 3 2 2 3 4 0 2 3 2 4 1 1 4 0 2 0 2 3 1 0 3 1 4 4 1 3 0 4 3 4 2 0 4 2 1 0 3 4 2 1 2 2 4 3 3 0 2 1 1 4 4 0 3 1 1 2 0 0 3 3 0 0 4 0 0 3 2 0 0 2 1 3 
4 3 2 3 3 3 2 0 0 2 1 1 4 4 0 3 3 0 4 1 4 4 4 3 0 3 1 3 3 4 1 1 1 0 0 3 0 1 4 3 3 2 0 3 3 4 1 4 2 4 3 1 1 2 3 3 1 1 3 4 1 4 0 1 2 4 3 1 2 4 1 1 4 0 1 0 3 3 0 0 2 1 2 1 2 0 0 3 1 2 2 3 2 4 4 0 2 1 0 0 3 1 2 1 0 1 1 2 4 4 1 0 4 3 2 0 2 2 3 3 3 4 4 3 3 0 4 4 1 2 1 3 
2 1 4 3 1 2 0 3 1 0 2 4 2 4 2 1 2 4 0 4 3 2 0 1 1 4 4 1 2 1 4 0 3 3 2 4 0 3 1 1 1 4 0 3 3 3 1 3 2 3 0 0 2 3 4 4 4 2 4 4 2 3 3 0 1 4 3 2 1 2 3 0 4 0 1 1 2 1 2 0 1 3 3 1 2 4 0 2 1 1 4 3 4 2 2 4 0 4 4 4 0 1 4 2 1 1 4 3 1 0 1 1 4 0 2 4 4 2 2 4 0 1 4 3 2 1 4 3 2 0 3 0 
4 2 3 0 0 2 2 4 4 4 2 0 2 1 1 4 3 4 4 4 2 2 3 3 1 0 3 1 0 1 0 2 4 1 0 3 2 4 3 1 3 3 1 4 4 0 1 1 3 3 2 2 1 4 2 4 2 3 4 2 1 0 3 0 2 3 3 4 4 4 1 2 0 1 4 2 1 2 2 2 0 2 3 2 2 1 2 3 2 0 2 0 3 0 2 4 3 0 3 1 0 1 3 2 0 2 3 1 1 2 2 4 0 2 1 4 2 1 1 2 3 3 1 4 2 2 0 1 1 0 1 0 
1 4 4 0 0 1 3 1 1 4 4 3 2 4 2 2 3 3 0 4 3 2 1 4 2 3 2 4 4 2 2 0 4 4 0 0 4 0 2 4 3 3 4 3 0 0 3 3 1 3 0 0 0 3 1 0 2 0 4 2 0 4 2 0 1 1 2 1 3 0 4 4 4 2 0 0 0 4 3 2 4 3 1 2 1 3 1 0 4 2 1 3 1 2 4 1 1 1 4 1 1 3 4 0 3 0 2 3 1 3 0 0 3 3 0 1 4 2 2 1 0 1 2 4 3 0 2 4 3 2 4 4 
0 3 1 3 3 0 3 0 1 0 0 4 3 4 3 0 0 2 4 0 0 3 2 3 3 0 0 3 2 4 4 1 1 4 4 4 0 1 4 1 1 0 3 2 1 1 3 3 2 3 3 4 2 4 3 2 4 0 2 3 3 0 4 3 3 0 4 2 2 1 1 3 1 2 4 4 2 2 2 2 4 0 4 1 2 2 1 0 4 0 4 2 1 4 2 2 1 4 4 0 2 4 4 1 1 0 0 3 2 4 3 4 1 0 2 2 2 0 2 3 0 0 0 3 1 4 1 1 0 1 3 3 
2 2 3 0 3 0 2 4 1 2 2 1 3 4 1 2 3 0 1 3 2 3 2 0 2 3 2 4 3 1 1 0 3 2 1 1 2 3 4 1 0 0 2 0 1 3 2 1 1 3 0 4 4 4 2 1 0 2 0 4 1 3 4 2 0 1 3 1 0 3 2 1 2 2 1 4 4 3 1 2 0 1 1 4 2 3 2 4 4 3 3 4 0 0 0 0 4 4 0 3 2 3 3 4 0 4 3 2 1 4 4 2 3 4 2 2 2 1 3 3 3 3 2 2 0 2 3 4 1 1 3 3 
1 4 3 1 4 4 2 4 1 2 0 1 1 4 4 4 4 0 4 1 1 2 3 0 4 3 1 4 4 0 3 3 1 0 3 2 4 3 4 0 1 1 3 3 0 4 1 1 2 2 4 1 4 3 4 0 1 1 1 4 2 2 1 0 0 0 3 0 0 1 1 2 4 1 1 2 1 0 3 2 0 4 2 0 2 2 4 0 3 2 4 1 2 0 2 3 0 2 1 4 4 3 4 4 2 3 0 0 3 2 1 4 1 4 1 4 4 1 1 2 3 3 0 2 4 0 4 1 2 3 4 1 
3 1 3 0 4 4 1 0 4 0 2 1 1 4 3 3 1 1 1 1 4 2 2 0 1 1 3 4 4 4 0 2 0 1 0 2 1 2 4 0 2 1 1 4 2 3 1 1 1 1 0 3 1 2 3 2 4 1 2 2 0 3 4 3 3 2 2 2 1 0 3 1 3 3 0 0 3 4 3 4 4 3 2 1 2 1 0 4 4 3 2 3 2 0 2 4 3 1 2 3 0 0 3 4 2 3 0 1 1 1 1 2 3 4 3 1 0 4 2 3 0 4 4 2 0 0 2 2 4 0 3 1 
2 4 1 0 1 1 3 1 2 1 4 3 3 1 0 2 2 3 1 2 1 1 4 1 0 3 2 1 3 2 1 0 1 0 2 2 1 2 3 4 3 4 0 3 3 0 4 3 0 1 2 0 2 4 3 0 0 0 1 4 0 4 0 2 1 2 4 1 2 0 2 2 3 0 3 3 4 3 0 1 3 4 4 2 2 0 4 1 3 3 2 4 0 1 3 1 2 0 3 1 3 1 4 1 1 3 1 4 1 0 2 1 3 2 0 4 3 1 0 0 1 2 2 2 0 2 3 2 1 2 3 1 
3 0 2 1 3 2 2 4 3 3 4 4 3 3 2 3 1 1 0 4 3 1 1 2 1 2 1 3 3 3 3 2 0 1 2 4 2 2 4 3 1 2 3 2 2 1 3 4 0 4 0 3 0 1 4 1 0 3 3 0 0 2 4 0 3 2 4 4 4 4 4 0 3 2 2 3 1 0 4 3 0 4 0 1 2 1 3 4 3 3 4 0 2 4 2 2 4 4 0 2 4 4 4 2 2 4 1 4 2 2 4 0 0 0 2 3 1 1 3 0 1 1 1 2 2 2 3 2 2 3 1 4 
3 0 1 4 2 2 1 3 1 1 3 0 3 2 2 4 2 4 3 3 2 0 2 0 3 2 3 3 0 0 1 3 1 0 0 2 3 0 3 3 2 2 0 4 4 4 3 2 1 1 2 0 2 1 1 0 0 3 3 4 1 0 1 4 2 0 4 3 0 3 1 4 3 2 2 0 2 0 0 0 3 3 2 0 2 2 0 3 4 3 3 3 0 1 3 4 0 1 3 4 3 4 1 2 1 4 4 0 3 2 4 1 2 2 1 0 0 3 4 2 2 0 3 0 4 2 3 1 2 3 1 0 
1 4 4 0 2 2 3 3 4 1 2 2 4 3 4 2 3 2 2 3 2 4 0 4 4 3 1 2 0 0 0 4 1 1 4 3 2 0 1 0 4 1 1 4 0 4 1 2 2 1 1 2 4 2 0 0 1 3 0 4 0 3 2 4 3 3 2 2 2 2 2 4 3 0 3 4 4 0 3 1 1 1 1 0 1 4 1 0 0 1 2 4 2 0 4 1 2 1 1 1 1 4 1 4 4 2 1 3 0 3 4 1 4 1 3 4 1 1 3 4 3 3 1 1 1 1 3 4 4 2 3 1 
1 4 4 4 3 3 2 0 1 2 2 3 2 1 4 1 2 4 3 3 4 1 1 3 3 2 0 0 2 2 0 3 0 1 2 3 2 2 4 4 4 4 4 1 0 2 3 4 3 2 4 1 2 0 2 3 3 3 4 0 1 3 4 0 1 0 0 4 3 3 0 4 4 1 4 4 4 2 2 0 1 0 3 2 3 2 1 3 3 4 0 0 1 4 0 1 2 1 4 1 2 2 4 3 0 4 0 3 2 1 4 2 3 2 4 1 2 1 1 1 0 2 2 0 2 2 2 1 2 0 1 1 
2 4 3 0 4 3 1 3 4 3 3 2 2 2 0 0 4 4 0 4 1 0 1 4 3 0 0 0 1 0 4 0 1 3 4 0 2 1 0 4 1 2 0 0 1 0 2 0 4 2 0 1 3 4 2 3 0 2 0 0 0 0 1 2 2 4 0 4 4 2 2 1 2 3 2 2 4 4 1 1 4 2 0 3 1 1 3 2 0 1 1 3 0 0 2 4 3 3 3 2 2 3 3 1 3 4 1 2 4 3 0 4 1 2 1 2 0 4 3 1 2 1 1 1 1 1 1 3 1 3 1 2 
2 3 4 1 1 1 1 3 0 4 2 2 0 3 0 4 3 0 0 3 3 2 3 4 0 3 2 2 0 2 2 4 0 1 3 1 0 4 1 3 0 1 3 4 2 0 2 3 3 2 3 1 0 1 3 0 0 3 2 0 2 0 0 3 1 2 1 4 1 3 4 3 0 2 4 2 4 1 3 4 1 0 0 2 1 3 0 3 3 1 0 1 0 3 3 0 1 4 2 4 3 2 4 3 3 3 1 2 2 1 4 3 2 3 2 2 0 1 3 3 4 1 4 2 4 0 1 3 0 0 3 4 
2 3 0 3 1 1 2 2 3 3 2 0 2 3 3 3 3 4 1 0 0 3 3 1 2 4 3 3 0 2 4 3 2 0 3 4 4 2 3 0 3 1 3 2 4 3 0 0 0 4 3 3 2 1 1 0 0 0 0 3 0 3 2 0 1 3 4 4 0 4 0 3 1 0 0 0 2 0 2 1 3 3 0 4 3 2 1 4 2 3 0 4 0 3 2 3 1 4 0 2 1 0 1 3 0 3 1 3 2 3 2 0 2 0 2 2 1 4 3 1 2 2 3 4 3 1 2 4 4 0 4 3

  