1
20

[Node]
0 25.0  25.0 0 0
31 25.0  25.0 0 0

[pickup]
1    8.425  35.962   0   6 20  398  458
2   22.590   4.106   0  20 20  263  323
3   23.546  22.740   0   9 20   14   74
4   24.540  28.941   0  20 20  319  379
5   10.773   6.480   0  11 20  329  389
6    8.468  49.652   0  14 20  139  199
7   29.079  18.591   0  20 20   43  103
8    6.213   8.965   0  12 20   66  126
9   30.165  32.199   0   9 20  450  510
10  36.175  39.439   0  16 20  286  346
11  21.201  19.103   0  20 20  320  380
12  33.213   8.867   0   7 20  205  265
13   5.536   0.010   0  16 20   43  103
14  20.402  32.033   0   7 20  327  387
15  41.624  36.164   0   7 20  236  296

[delivery]
16  21.106  14.542   0   -6 29  422  482
17   6.231  27.622   0  -20 36  291  351
18   5.233  21.397   0   -9 40   32   92
19  26.298  18.397   0  -20 27  329  389
20   0.415  27.147   0  -11 36  352  412
21  44.045  44.430   0  -14 27  174  234
22  31.177  33.186   0  -20 27   57  117
23  32.344  28.953   0  -12 26   98  158
24  28.282   9.106   0   -9 39  473  533
25   7.452  42.655   0  -16 36  314  374
26  43.067  20.853   0  -20 36  341  401
27  16.577   1.804   0   -7 40  223  283
28   5.976  14.501   0  -16 36   57  117
29  15.093   2.601   0   -7 32  356  416
30  10.374  31.063   0   -7 25  267  327

[Speed 0]
  0.0 120.0 0.0 0.5
120.0 600.0 0.0 0.81
600.0 720.0 0.0 0.5 
720.0 840.0 0.0 0.81

[Speed 1]
  0.0 120.0 0.0 0.67
120.0 600.0 0.0 1.33
600.0 720.0 0.0 0.88 
720.0 840.0 0.0 1.33

[Speed 2]
  0.0 120.0 0.0 0.88
120.0 600.0 0.0 1.33
600.0 720.0 0.0 0.67 
720.0 840.0 0.0 1.33

[Speed 3]
  0.0 120.0 0.0 0.85
120.0 600.0 0.0 1.5
600.0 720.0 0.0 0.85 
720.0 840.0 0.0 1.5

[Speed 4]
  0.0 120.0 0.0 1.0
120.0 600.0 0.0 2.0
600.0 720.0 0.0 1.0 
720.0 840.0 0.0 2.0


[speed choose matrix] 
4 4 4 4	4 4 4 4	4 4 4 4	4 4 4 4	4 4 4 4	4 4 4 4	4 4 4 4 4 4 4 4  
4 4 3 2 0 1 2 4 3 2 1 4 2 3 3 1 3 1 2 3 2 1 2 3 3 2 1 3 2 1 2 4
4 3 4 3 2 4 1 0 2 3 4 2 3 2 1 3 4 3 3 2 2 3 3 3 2 1 1 2 3 1 3 4 
4 1 3 4 3 2 4 3 0 1 2 1 2 4 2 0 1 2 3 1 3 4 2 3 2 2 3 3 2 2 1 4
4 0 1 3 4 3 1 4 2 4 0 1 3 2 0 4 3 3 2 1 1 2 4 3 1 2 3 0 1 1 2 4
4 2 4 1 3 4 3 2 1 1 2 3 4 0 3 2 1 2 3 1 2 3 2 2 3 2 1 3 3 2 2 4
4 1 2 4 2 3 4 3 2 2 1 3 1 4 2 3 1 1 1 2 3 3 2 4 0 2 2 2 3 1 2 4
4 4 0 3 4 1 3 4 3 2 4 2 3 1 3 0 4 3 2 2 1 3 2 3 1 1 3 1 2 3 2 4
4 3 1 0 1 2 1 3 4 1 1 3 3 2 2 4 0 2 3 3 2 4 0 2 2 3 1 0 1 1 3 4
4 1 3 2 4 2 1 1 2 4 2 2 1 1 3 3 1 1 3 3 1 2 2 4 0 1 1 2 3 2 1 4
4 2 4 1 0 1 2 4 2 1 4 3 3 2 2 1 3 3 3 2 1 3 3 2 2 1 1 3 2 2 2 4
4 4 1 2 2 3 3 1 3 1 3 4 2 1 1 3 2 1 3 2 1 3 4 3 1 2 2 2 1 1 3 4 
4 1 3 1 3 4 2 3 3 2 3 1 4 2 3 4 1 3 3 3 2 1 2 3 3 2 1 1 2 1 2 4
4 3 1 4 1 0 4 2 1 2 1 2 1 4 2 3 1 4 2 3 2 3 2 2 0 4 3 0 1 2 3 4
4 3 2 1 0 3 1 3 1 3 1 2 3 1 4 0 2 3 2 4 1 2 2 3 3 0 1 2 0 1 1 4
4 2 3 0 4 1 3 0 4 3 2 3 4 3 0 4 2 4 2 3 4 4 2 1 2 3 3 3 3 2 1 4
4 3 4 2 3 2 2 4 0 2 3 1 2 2 1 1 4 1 2 1 3 2 2 0 1 1 2 2 1 2 1 4
4 2 3 1 3 1 2 3 1 2 3 2 3 4 3 4 2 4 2 1 1 3 2 1 2 3 1 3 1 1 2 4
4 1 3 3 1 3 2 1 3 3 3 3 3 1 1 1 1 1 4 3 2 2 3 2 1 2 3 2 3 3 1 4
4 3 1 2 2 2 1 1 3 3 1 1 3 3 4 3 2 2 3 4 3 4 2 4 0 1 1 2 3 4 2 4  
4 1 1 3 2 1 3 2 1 2 2 2 1 1 2 4 3 2 1 3 4 2 3 3 1 1 3 1 0 4 2 4
4 2 3 4 1 3 3 3 4 1 3 3 1 3 1 4 1 3 1 4 1 4 3 0 1 2 2 4 1 0 2 4
4 1 3 1 4 1 1 1 0 1 3 4 3 1 1 1 1 1 3 1 3 3 4 3 0 2 1 0 1 4 3 4
4 3 3 3 3 1 4 3 1 4 1 3 3 1 3 2 0 2 1 4 3 0 3 4 2 2 3 3 2 4 0 4 
4 3 1 1 2 3 0 2 1 0 1 2 1 0 3 1 2 1 2 0 2 2 0 1 4 2 3 2 3 1 1 4 
4 1 2 1 1 1 1 2 3 2 2 1 1 4 0 3 2 3 1 2 2 1 1 1 1 4 1 2 2 3 1 4 
4 2 2 3 3 2 1 3 2 2 2 1 2 3 2 3 1 2 3 2 3 1 2 3 3 2 4 3 3 1 1 4
4 3 1 3 0 3 1 2 0 1 3 1 2 0 1 3 1 3 1 1 2 4 0 3 1 1 3 4 1 1 2 4
4 1 3 1 2 3 3 1 2 3 1 2 1 2 0 3 2 2 3 3 0 2 2 1 3 1 3 2 4 0 3 4
4 2 2 1 2 1 2 3 2 1 1 2 2 1 2 1 1 2 3 4 4 0 4 4 2 3 2 2 0 4 2 4
4 1 3 2 1 1 1 1 3 2 1 3 1 3 2 2 2 1 2 1 1 1 2 0 2 2 2 1 3 1 4 4
4 4 4 4 4 4 4 4 4 4 4 4 4 4 4 4 4 4 4 4 4 4 4 4 4 4 4 4 4 4 4 4

