1
20

[Node]
  0  25.000  25.000   0   0  
151  25.000  25.000   0   0 


[Pickup]
  1  45.479  47.350   0   9 20 200  320
  2  14.637   2.649   0   5 20  40  160
  3  31.784  39.682   0  16 20 448  568
  4  22.594  49.458   0  20 20  13  133
  5   1.279   7.844   0  10 20 559  679
  6  49.591   5.129   0  20 20 207  327
  7  14.900   8.658   0   6 20 114  234
  8  21.227  46.868   0  18 20 364  484
  9   0.401   2.882   0   7 20  29  149
 10   0.992  42.377   0   9 20 112  232
 11   8.671  23.026   0   8 20 235  355
 12  32.845  31.582   0  18 20 409  529
 13   1.221  19.986   0  12 20 146  266
 14  30.561  28.302   0  12 20 434  554
 15  36.089  46.410   0  15 20 107  227
 16  38.427  21.803   0   7 20 367  487
 17  31.439   5.571   0  14 20 559  679
 18  47.912  10.565   0  14 20 402  522
 19  30.745   9.007   0  19 20 386  506
 20  45.764   8.559   0   7 20 480  600
 21   1.486  35.445   0   7 20 464  584
 22   4.525  31.446   0   6 20 138  258
 23   7.550  44.519   0  11 20 283  403
 24   2.700  35.550   0   7 20 326  446
 25  44.995  10.117   0  19 20 211  331
 26  46.221  16.131   0  11 20 289  409
 27  23.690  14.918   0  16 20 212  332
 28  17.508  19.095   0   8 20 435  555
 29  36.781  37.726   0  13 20 532  652
 30   2.119   0.960   0  12 20 550  670
 31  31.146  45.793   0   5 20 203  323
 32  22.081  43.214   0  15 20 347  467
 33   5.049  22.902   0   8 20 385  505
 34  12.182  49.069   0  11 20 284  404
 35  46.369  46.347   0  16 20 242  362
 36  44.962  41.950   0   9 20 508  628
 37   7.997  20.798   0  12 20  24  144
 38  30.495   1.115   0   5 20 143  263
 39  38.031   9.776   0   9 20 335  455
 40  12.311   1.997   0   7 20 431  551
 41  29.696   1.954   0  18 20 167  287
 42  16.175  49.689   0   5 20 250  370
 43  39.175  48.552   0  16 20 585  705
 44   2.346  12.934   0   8 20 302  422
 45  41.948  35.684   0  15 20 493  613
 46  30.347  44.421   0  15 20 427  547
 47  47.082  37.630   0  16 20 465  585
 48  18.368  21.754   0  10 20  88  208
 49  16.572  31.196   0  14 20 502  622
 50   5.631  15.182   0  10 20 534  654
 51  33.886   8.492   0  14 20 480  600
 52  15.334  40.966   0  12 20 305  425
 53  42.409   2.736   0   7 20 217  337
 54  21.622  36.607   0   6 20 190  310
 55  44.851  39.016   0   5 20  56  176
 56  46.729  45.603   0  17 20 145  265
 57   2.399  39.130   0   7 20 347  467
 58  21.983  34.912   0  10 20 559  679
 59   1.016  10.940   0   6 20  52  172
 60  23.746  23.838   0  17 20 356  476
 61   8.946  19.429   0  10 20 104  224
 62  16.975  29.432   0  19 20 417  537
 63  36.140  49.567   0  13 20 186  306
 64  19.813   5.888   0  12 20 105  225
 65  35.526  35.683   0  13 20 274  394
 66  39.423   9.125   0  17 20 307  427
 67  18.041  44.837   0   8 20 477  597
 68  33.699   8.364   0  11 20 411  531
 69  49.710  14.737   0  11 20 435  555
 70  14.756  33.282   0   9 20 104  224
 71  24.479  44.055   0   9 20 386  506
 72   9.385  39.847   0  14 20  26  146
 73  44.831   0.965   0  19 20 234  354
 74  39.237  10.139   0   5 20 359  479
 75  41.110  36.157   0  10 20  14  134
 

[Delivery]
 76   5.293  33.895   0  -9 20 242  362
 77  39.612  41.714   0  -5 20  86  206
 78  37.150   7.767   0 -16 20 480  600
 79  20.410  42.960   0 -20 20  19  139
 80  39.731   3.207   0 -10 20 597  717
 81  13.064  46.942   0 -20 20 262  382
 82  11.596  17.549   0  -6 20 123  243
 83  35.094  10.910   0 -18 20 402  522
 84  15.455  49.859   0  -7 20  78  198
 85   9.693   8.836   0  -9 20 146  266
 86  12.492  13.799   0  -8 20 244  364
 87  24.334  41.503   0 -18 20 422  542
 88  13.111  48.089   0 -12 20 176  296
 89  24.422  33.443   0 -12 20 442  562
 90  25.272  28.466   0 -15 20 127  247
 91  42.778  11.453   0  -7 20 378  498
 92  39.423  13.020   0 -14 20 569  689
 93  32.147  17.898   0 -14 20 419  539
 94  10.796   9.047   0 -19 20 405  525
 95  30.328  42.175   0  -7 20 516  636
 96  47.221  23.289   0  -7 20 511  631
 97  40.113  10.096   0  -6 20 179  299
 98   1.045  18.115   0 -11 20 310  430
 99  49.688  11.707   0  -7 20 378  498
100   4.499   3.554   0 -19 20 252  372
101  48.159  31.667   0 -11 20 304  424
102  25.973   5.136   0 -16 20 222  342
103  43.619  12.027   0  -8 20 462  582
104  14.434  22.330   0 -13 20 559  679
105  21.136  12.236   0 -12 20 572  692
106  20.912  47.276   0  -5 20 213  333
107  26.269  36.998   0 -15 20 354  474
108  48.913  24.144   0  -8 20 428  548
109  47.721  49.908   0 -11 20 319  439
110  22.170  47.329   0 -16 20 266  386
111  15.551  40.756   0  -9 20 537  657
112  34.908   1.211   0 -12 20  57  177
113  26.956   3.396   0  -5 20 147  267
114  13.282  37.101   0  -9 20 371  491
115   9.559   8.658   0  -7 20 438  558
116   1.850  21.646   0 -18 20 201  321
117   0.603  36.973   0  -5 20 270  390
118  32.309  40.291   0 -16 20 595  715
119  23.737  12.122   0  -8 20 323  443
120  23.149  43.945   0 -15 20 513  633
121  11.503  32.301   0 -15 20 449  569
122  49.325  46.771   0 -16 20 474  594
123  25.472  16.920   0 -10 20  96  216
124  18.109  29.506   0 -14 20 504  624
125  22.179  41.315   0 -10 20 564  684
126  46.471  28.307   0 -14 20 503  623
127  25.854   2.965   0 -12 20 344  464
128  40.993  14.163   0  -7 20 228  348
129  24.485   2.818   0  -6 20 223  343
130   9.622  10.033   0  -5 20 101  221
131  39.370  31.571   0 -17 20 160  280
132  20.243  26.716   0  -7 20 368  488
133  13.340   9.923   0 -10 20 585  705
134  39.445  43.705   0  -6 20 102  222
135  26.525  29.768   0 -17 20 362  482
136  35.085   4.549   0 -10 20 134  254
137  19.056   6.105   0 -19 20 440  560
138  17.755  21.052   0 -13 20 219  339
139  28.694  30.752   0 -12 20 131  251
140  46.145   9.364   0 -13 20 302  422
141  34.859   8.852   0 -17 20 311  431
142   6.384  47.472   0  -8 20 488  608
143  48.629  33.267   0 -11 20 440  560
144  39.494   5.598   0 -11 20 448  568
145   5.772   0.439   0  -9 20 138  258
146   4.559  33.603   0  -9 20 408  528
147  31.452   4.222   0 -14 20  67  187
148  12.623   3.195   0 -19 20 266  386
149  45.600   3.974   0  -5 20 367  487
150  15.955  24.392   0 -10 20  41  161

[Speed 0]
  0.0 120.0 0.0 0.5
120.0 600.0 0.0 0.81
600.0 720.0 0.0 0.5 
720.0 840.0 0.0 0.81

[Speed 1]
  0.0 120.0 0.0 0.67
120.0 600.0 0.0 1.33
600.0 720.0 0.0 0.88 
720.0 840.0 0.0 1.33

[Speed 2]
  0.0 120.0 0.0 0.88
120.0 600.0 0.0 1.33
600.0 720.0 0.0 0.67 
720.0 840.0 0.0 1.33

[Speed 3]
  0.0 120.0 0.0 0.85
120.0 600.0 0.0 1.5
600.0 720.0 0.0 0.85 
720.0 840.0 0.0 1.5

[Speed 4]
  0.0 120.0 0.0 1.0
120.0 600.0 0.0 2.0
600.0 720.0 0.0 1.0 
720.0 840.0 0.0 2.0


[speed choose matrix]
1 4 2 4 1 3 1 3 0 1 3 2 4 2 1 1 2 0 0 1 0 2 0 4 4 3 1 0 2 0 4 4 2 0 3 0 1 4 0 4 2 3 0 3 2 3 0 2 0 1 1 3 4 2 4 2 1 3 3 0 0 0 2 0 1 0 4 3 1 3 1 2 2 2 4 0 0 1 1 2 4 4 2 3 3 1 0 2 2 0 2 4 0 4 3 3 0 1 4 3 3 2 0 4 1 3 3 3 3 0 2 4 2 2 0 4 4 4 3 1 3 2 2 0 1 0 0 2 3 3 3 1 2 3 0 2 1 2 3 1 2 3 2 2 4 4 3 0 0 3 3 2 
1 4 4 3 0 4 1 1 0 2 4 2 0 2 4 0 3 1 3 2 0 3 2 0 2 2 3 2 4 1 1 4 0 3 1 1 3 1 2 4 1 4 2 2 3 2 4 3 4 3 2 2 1 3 4 2 2 1 4 2 1 3 1 2 2 1 0 0 3 3 1 0 2 3 1 0 1 1 3 3 3 0 4 2 1 1 0 1 3 4 4 3 1 2 2 1 1 0 0 3 3 3 0 3 4 3 0 4 0 4 2 2 4 3 3 0 0 3 2 4 0 1 2 1 3 2 1 0 3 4 3 3 1 2 3 1 0 2 0 2 0 0 4 3 4 4 4 4 1 3 3 3 
3 3 0 3 3 1 3 1 4 4 2 1 3 0 3 3 1 1 4 3 4 0 2 3 0 3 2 4 0 3 4 0 2 2 4 3 3 2 2 2 3 2 0 1 4 4 3 0 0 4 1 2 3 4 0 4 3 3 2 1 2 3 0 1 3 2 1 1 3 4 1 3 3 1 2 2 3 3 0 3 4 2 2 2 0 3 4 2 3 0 2 4 4 0 1 1 3 0 0 1 2 0 2 4 4 2 2 4 4 1 0 0 2 1 0 4 1 4 2 4 1 0 2 3 0 1 2 1 0 3 0 0 3 3 3 3 4 4 4 3 0 0 2 0 2 1 1 1 3 2 2 3 
4 0 2 2 0 4 1 0 2 4 0 0 1 2 2 1 4 3 3 2 2 4 0 1 2 4 3 3 4 2 1 4 4 4 2 2 2 2 2 2 4 3 2 0 2 4 3 3 4 4 3 4 3 2 2 4 3 1 2 4 2 2 3 0 3 1 4 3 4 2 0 1 0 1 2 4 3 2 3 1 1 2 3 3 1 0 0 1 3 4 1 3 4 4 3 0 4 1 1 1 1 0 0 3 2 2 1 3 0 4 3 2 1 0 1 4 4 4 2 2 3 1 2 2 3 0 3 4 0 2 2 4 0 2 1 4 1 2 3 0 1 3 4 3 2 3 4 4 3 2 2 4 
0 0 3 0 2 2 4 4 3 0 0 2 1 1 2 2 1 2 3 1 1 2 2 1 0 0 0 0 4 0 2 1 3 3 0 4 3 3 4 1 2 1 2 1 0 3 2 4 0 4 4 4 2 2 4 3 3 3 2 1 4 1 1 2 3 2 0 4 4 1 1 2 1 2 4 1 1 4 3 2 2 0 1 4 0 2 2 1 4 0 0 4 4 4 4 1 0 3 3 0 3 2 2 4 2 2 0 3 1 4 4 0 3 1 3 4 4 2 1 1 3 0 2 2 0 3 4 0 0 1 3 3 3 3 3 2 1 1 3 4 1 0 2 4 2 1 4 3 0 3 0 1 
3 2 4 4 0 2 2 1 4 4 2 0 2 0 2 3 4 0 0 4 4 4 0 3 3 2 0 3 3 4 3 3 1 1 2 0 1 4 2 0 3 0 2 3 0 3 4 2 0 2 1 0 4 4 2 4 0 2 1 1 4 1 0 0 1 1 4 0 3 1 1 0 3 0 0 3 1 0 0 4 0 0 2 3 0 4 1 4 2 3 3 0 2 3 0 1 4 4 2 0 2 3 4 3 1 2 0 3 4 0 1 2 1 4 1 4 4 2 0 3 0 4 3 2 1 4 4 3 0 3 0 0 0 1 2 4 4 1 4 2 0 2 4 0 1 1 1 2 0 4 4 4 
2 0 2 0 1 4 4 2 1 0 2 3 4 4 2 0 1 2 1 2 3 0 3 4 0 3 3 0 3 2 1 4 1 2 4 4 1 0 1 3 1 2 0 2 3 0 3 3 1 1 2 0 2 3 2 1 3 1 1 1 1 4 4 1 4 2 4 2 3 4 0 1 1 1 3 3 4 0 1 1 0 2 0 4 3 2 0 2 3 3 2 3 1 4 1 2 3 1 1 4 4 4 4 1 4 0 1 1 4 1 4 2 0 2 4 1 3 3 3 2 2 4 4 3 4 0 0 4 3 2 3 3 1 3 0 3 0 2 0 4 0 4 1 2 2 3 1 3 2 0 2 0 
4 3 3 2 0 4 3 2 1 3 1 1 1 2 1 2 3 2 3 4 0 1 2 2 0 1 2 2 4 1 2 2 3 1 2 1 0 4 3 1 3 4 2 3 4 2 0 0 2 0 1 3 0 0 2 1 3 0 0 2 0 4 1 1 4 3 4 0 1 4 3 1 1 0 0 1 3 1 1 1 4 3 3 4 3 3 4 0 1 3 1 4 1 1 4 3 4 3 3 0 2 0 4 3 0 0 1 4 2 0 3 2 4 3 0 2 1 1 4 0 3 2 3 3 0 1 4 1 4 0 0 3 0 0 3 0 1 3 1 1 4 2 2 4 1 3 4 1 1 3 1 1 
3 4 0 0 1 0 2 3 1 1 3 1 4 1 2 3 4 3 4 3 4 3 0 1 2 2 4 1 1 0 3 0 1 3 4 0 2 3 0 0 1 2 4 3 1 4 2 2 0 0 4 2 3 2 3 2 0 4 2 1 0 1 0 2 2 0 0 3 2 0 3 1 4 0 1 1 1 1 1 4 4 3 4 2 4 1 0 2 0 1 3 4 2 0 3 1 2 0 3 3 1 0 4 3 1 4 3 3 3 4 4 4 1 0 4 0 1 4 0 3 1 2 3 1 0 2 3 4 4 1 1 3 2 1 3 2 3 4 0 4 4 2 4 4 3 0 0 4 4 2 3 3 
2 1 4 4 3 4 1 2 4 2 4 3 0 2 0 2 0 1 2 3 0 3 0 4 0 3 0 1 3 3 1 1 0 0 3 4 3 2 0 3 4 2 0 2 0 3 0 4 2 0 1 2 3 4 1 3 0 4 3 1 1 0 0 3 0 1 4 3 1 3 1 2 4 4 1 3 4 4 2 0 3 1 0 2 1 3 0 0 1 4 2 2 2 1 3 0 4 0 4 1 1 3 4 0 2 3 3 4 2 0 1 3 0 1 1 4 3 0 1 4 3 2 1 1 3 0 2 4 2 2 4 0 2 4 3 3 1 1 4 0 3 4 2 1 3 4 0 0 2 3 2 2 
4 0 4 0 0 1 0 0 2 0 1 3 1 4 1 1 0 0 3 0 2 3 2 4 2 2 4 3 2 2 3 1 2 1 2 2 3 2 0 2 2 4 1 2 3 0 0 2 3 3 0 0 2 0 3 4 2 2 2 2 2 2 0 3 2 1 1 0 3 4 2 0 2 1 0 1 0 0 2 2 1 3 2 2 1 0 4 1 3 3 1 4 0 3 0 1 4 1 4 2 3 0 1 3 2 3 2 3 3 0 1 4 2 4 0 0 2 4 3 0 3 2 3 4 0 4 3 1 3 3 4 1 3 0 4 3 2 4 4 4 1 4 0 4 0 1 2 4 4 0 1 1 
3 4 2 0 1 1 0 0 2 1 2 4 3 0 1 1 2 2 4 2 0 0 3 4 0 4 3 4 1 3 0 3 2 1 3 1 1 1 3 3 4 2 2 2 1 2 4 0 1 4 0 0 3 0 3 1 1 2 4 4 1 1 4 4 1 0 4 2 0 2 3 2 3 4 4 1 0 3 0 3 3 3 2 3 1 1 1 4 3 2 0 1 3 1 1 4 3 0 1 3 0 3 0 0 1 3 2 2 3 4 2 3 0 2 1 1 2 2 1 3 4 1 0 0 3 2 4 1 1 3 4 3 2 3 2 4 1 2 2 0 1 4 0 1 4 3 2 3 1 0 3 2 
3 1 1 0 1 0 0 3 4 3 0 3 1 4 3 3 3 1 1 2 3 3 3 4 1 1 0 1 3 3 1 0 4 1 0 0 4 1 1 1 0 4 0 4 1 0 2 1 3 0 2 0 2 2 0 2 2 4 0 3 1 1 2 2 3 1 0 3 4 4 2 4 4 0 0 4 2 2 3 2 4 3 0 2 3 3 4 3 1 1 4 4 4 4 2 2 4 2 2 1 4 4 4 3 1 0 4 3 0 4 0 4 4 1 2 2 1 2 0 3 0 4 2 1 4 3 2 1 4 4 4 4 2 0 1 1 3 1 2 4 3 4 3 0 3 2 2 0 4 0 2 1 
3 2 4 0 4 1 3 0 0 3 4 3 3 0 2 4 2 3 3 0 3 4 1 4 0 3 4 4 3 4 4 3 4 1 1 1 3 1 0 0 2 2 3 1 4 0 2 2 1 1 4 3 1 1 2 1 0 4 0 0 3 1 3 3 4 3 2 0 4 3 2 4 4 2 3 0 1 3 0 1 3 0 1 0 2 0 3 2 4 4 2 3 1 0 3 4 0 3 0 2 1 2 0 2 3 3 1 4 1 2 3 4 1 0 4 1 0 0 3 0 0 3 1 3 4 1 2 3 0 4 1 1 4 3 0 1 2 4 0 2 3 4 2 0 4 4 2 2 4 0 2 1 
4 1 1 1 0 3 0 0 1 0 1 2 1 2 3 1 3 1 3 0 3 2 1 3 0 2 4 3 3 3 4 4 4 3 3 0 0 2 4 4 1 0 4 4 2 3 2 2 4 2 4 4 3 1 0 4 1 3 3 0 1 3 2 2 0 0 1 2 1 1 0 0 2 0 0 4 4 2 3 1 0 4 1 2 1 1 3 3 1 4 3 2 0 3 4 2 4 2 2 0 4 1 3 0 0 1 3 3 2 3 0 2 2 4 2 1 4 0 0 4 2 2 2 2 0 0 3 2 4 1 1 4 0 1 3 0 1 4 2 4 0 3 4 3 0 1 4 1 4 1 0 1 
0 3 4 4 4 2 4 4 1 0 0 1 2 0 1 1 3 4 3 1 4 2 3 0 0 3 2 0 3 0 3 4 4 1 0 3 0 2 4 1 0 2 2 1 3 3 1 1 4 0 1 0 2 1 2 0 4 2 0 0 2 0 4 2 0 4 1 1 2 1 3 4 0 1 2 3 3 1 1 1 3 1 4 2 1 0 3 0 3 3 1 2 2 4 3 2 1 2 3 0 4 0 1 1 0 3 3 2 2 0 4 1 4 4 2 4 2 2 1 3 3 3 3 2 4 0 1 0 3 1 3 2 2 2 1 2 0 0 1 3 0 1 3 4 0 3 3 0 2 1 3 0 
4 4 1 3 4 4 0 3 2 2 0 0 2 4 0 1 0 0 4 1 2 4 4 3 1 0 0 4 1 1 4 0 4 0 3 3 3 3 1 0 4 0 3 1 3 0 2 4 4 1 0 4 3 1 1 0 1 4 4 1 2 2 2 0 4 4 0 0 1 1 4 4 3 3 4 3 4 1 3 0 4 3 0 3 3 4 0 1 0 3 4 0 0 2 3 2 0 1 4 1 4 3 2 1 4 4 0 4 2 4 3 1 1 1 0 2 2 4 2 1 3 3 0 2 2 1 3 3 2 4 0 4 1 0 1 1 2 3 2 2 0 4 1 4 4 3 1 3 2 4 1 4 
2 3 4 0 4 0 4 1 3 4 2 4 3 1 1 3 3 2 3 2 0 4 4 3 3 3 4 4 4 2 4 3 4 2 2 1 2 2 0 3 4 0 1 3 1 4 2 2 0 2 4 2 1 0 4 4 1 3 3 3 0 2 3 2 4 1 1 3 3 3 3 4 1 4 4 3 4 2 1 2 2 0 2 4 4 4 4 1 2 4 3 3 3 0 3 3 0 2 1 2 4 2 3 2 3 2 4 3 2 1 1 4 1 3 0 1 3 2 1 0 3 0 0 1 4 2 2 1 2 4 0 4 0 0 0 2 4 2 2 3 0 2 3 4 2 3 4 4 1 0 3 4 
1 2 4 0 2 4 0 0 4 1 1 2 2 1 3 0 3 4 2 0 2 2 2 1 1 1 3 4 2 1 0 2 4 1 3 0 4 1 4 3 1 4 3 1 3 0 3 0 2 2 0 1 2 0 3 3 4 2 3 1 0 1 4 4 3 4 2 3 0 2 3 1 3 3 2 0 4 0 0 2 3 4 0 3 4 1 3 2 4 2 4 1 3 4 1 2 2 0 4 0 2 1 2 3 1 4 0 1 4 2 3 0 3 1 3 2 4 3 1 1 4 1 3 1 1 1 0 1 4 3 0 3 1 3 0 0 0 3 3 4 2 1 1 2 0 1 4 1 1 2 2 2 
0 1 1 1 3 2 2 0 4 0 4 3 1 0 1 0 3 3 0 1 0 0 4 1 1 2 4 1 1 0 0 2 1 2 1 2 3 2 0 4 3 0 0 2 1 2 2 2 3 3 4 2 0 2 0 2 4 1 3 2 0 1 2 3 1 4 2 4 3 4 0 2 2 3 4 2 1 2 3 4 3 1 3 2 0 3 0 2 0 0 1 4 1 0 4 3 2 0 0 4 0 2 4 1 0 4 1 1 1 0 2 0 3 3 1 3 0 1 2 2 3 0 2 1 2 3 4 2 1 2 2 4 3 1 4 4 2 4 0 2 3 2 2 0 4 4 3 3 1 2 3 4 
3 3 3 2 2 3 1 4 1 0 2 3 2 4 2 2 1 3 1 3 2 1 2 1 2 3 1 1 1 1 1 2 2 0 3 4 1 4 2 1 1 1 3 1 2 3 2 1 4 1 1 4 2 0 1 0 0 1 0 0 4 0 3 4 1 1 0 3 3 3 0 0 4 1 4 2 1 1 3 0 1 3 2 1 3 2 3 3 4 0 1 1 2 1 1 0 3 3 4 1 1 4 2 3 4 3 2 4 4 1 4 3 2 2 4 0 0 4 0 2 2 1 4 0 0 1 1 0 0 4 4 3 4 3 0 1 2 4 3 0 1 2 4 3 2 0 3 2 1 2 1 1 
4 4 3 0 4 0 2 2 4 4 3 4 1 3 4 3 3 4 1 2 3 4 0 0 2 2 2 3 3 2 2 0 1 2 3 4 3 0 1 0 1 0 4 0 0 3 4 1 1 1 3 2 3 4 3 3 4 2 4 2 4 4 2 2 3 0 3 3 0 3 2 4 0 4 0 0 3 2 4 3 4 2 3 0 2 0 3 2 3 4 4 4 4 0 2 2 1 4 4 4 3 1 1 3 1 0 2 2 3 4 2 1 0 3 0 1 0 4 3 4 4 4 4 3 1 3 1 0 2 2 2 3 4 3 4 2 0 3 3 0 1 1 3 0 1 1 0 0 2 3 3 3 
0 0 3 3 4 4 4 1 4 0 4 0 2 2 3 3 4 0 3 3 2 4 4 3 1 2 4 0 0 0 2 2 2 0 2 0 3 2 4 1 2 3 4 3 2 2 0 1 0 2 1 1 0 4 0 4 2 0 3 1 1 4 4 3 0 0 0 2 0 3 3 2 1 1 1 4 4 2 3 3 0 3 3 1 1 4 2 2 4 2 0 4 0 2 4 1 2 2 4 3 1 0 1 0 4 4 3 3 0 4 4 3 1 4 4 1 0 3 2 4 2 4 4 1 0 3 2 4 3 3 0 0 4 4 4 2 4 0 4 0 2 4 1 2 3 0 0 0 0 1 4 0 
4 4 3 3 2 0 0 0 0 1 3 2 0 0 3 2 1 3 1 4 0 3 0 3 3 1 4 3 2 2 3 2 3 4 3 2 0 2 4 4 0 3 2 0 1 4 0 0 1 3 3 3 3 0 1 3 1 2 4 3 4 3 3 0 1 1 1 0 0 2 1 1 3 2 2 1 3 2 3 3 1 0 3 4 3 4 1 1 3 4 3 4 1 4 0 0 0 3 3 0 3 4 0 2 2 1 1 1 4 3 3 4 2 4 0 2 2 4 4 3 4 2 4 1 2 2 0 4 4 2 3 2 3 4 1 3 3 2 4 0 3 1 3 2 4 1 1 1 0 3 0 3 
0 3 3 2 1 4 0 3 2 4 2 3 1 0 0 2 1 3 0 2 4 1 4 2 1 2 4 1 0 1 1 2 2 0 3 0 3 0 2 3 3 4 2 0 2 2 1 3 3 2 3 0 4 1 0 0 4 3 3 1 1 4 4 1 4 0 3 0 0 0 2 3 3 0 0 0 4 0 4 2 1 0 4 0 0 2 1 1 1 2 3 2 3 4 3 1 1 1 3 3 3 0 4 3 1 1 3 3 4 3 0 1 0 3 0 4 2 1 4 4 0 4 0 2 3 2 0 0 4 2 1 0 1 1 0 2 2 0 1 1 2 1 2 2 2 4 2 2 3 1 3 4 
1 3 0 4 3 2 2 3 4 4 2 0 3 4 3 4 3 2 4 2 1 0 4 3 0 1 2 4 0 4 4 1 3 4 0 2 1 1 1 4 2 3 3 2 2 3 4 1 2 3 0 1 2 3 4 1 3 1 2 3 3 4 4 3 1 3 4 2 4 1 4 1 0 2 0 3 4 4 1 4 3 4 4 0 2 2 3 1 0 2 0 4 3 3 4 3 0 0 2 2 0 1 3 1 1 2 3 0 1 0 1 2 2 3 2 4 4 0 3 4 2 3 0 4 1 3 2 0 0 2 0 2 3 4 4 0 0 4 4 4 1 2 1 1 0 1 3 0 0 3 3 0 
3 0 0 2 1 1 2 3 0 3 4 3 3 4 3 2 4 0 3 3 4 1 1 2 4 1 2 0 0 4 3 2 4 4 0 2 3 2 1 1 2 3 4 3 1 2 2 1 0 2 3 1 1 0 2 0 2 0 2 0 2 0 4 1 4 3 1 0 0 2 3 3 1 1 4 1 3 0 2 4 0 3 0 4 4 4 3 3 2 3 3 3 1 1 2 3 4 4 1 0 4 3 1 0 4 3 1 2 2 0 4 1 0 4 0 3 0 3 0 4 3 1 4 1 0 1 0 0 0 0 2 1 4 0 0 3 0 3 0 3 2 2 2 2 0 2 2 4 0 2 4 0 
0 1 0 4 0 0 4 2 4 2 1 0 1 3 2 3 4 1 4 4 2 2 4 4 2 3 4 4 2 0 4 4 1 4 2 2 0 4 4 2 0 0 0 2 4 4 0 2 4 4 2 2 3 1 0 3 4 0 4 4 0 4 0 1 3 4 1 2 0 4 3 0 4 1 0 2 3 4 2 1 0 3 3 2 0 3 0 4 4 3 3 4 1 4 3 1 3 4 4 4 0 2 1 3 1 4 0 4 2 2 1 2 3 2 4 2 4 2 1 0 0 1 4 0 3 0 1 0 3 1 3 0 2 4 2 0 2 2 2 4 3 3 0 0 1 0 3 3 1 4 1 0 
4 1 1 1 4 1 2 2 4 0 1 4 1 0 2 3 2 0 2 3 2 1 3 3 1 1 3 3 3 4 3 1 3 2 3 3 2 1 2 4 4 3 4 2 2 0 2 0 2 4 3 4 3 1 1 4 3 4 4 0 0 1 0 0 1 2 3 3 3 1 2 3 2 1 0 4 1 2 4 2 3 0 0 2 1 4 2 4 4 4 2 3 1 3 4 3 2 4 0 3 1 3 3 3 1 4 1 3 1 0 3 1 2 4 2 0 3 0 2 0 1 1 3 3 3 2 0 1 1 4 4 4 1 3 2 1 2 2 2 2 0 3 3 3 0 4 3 2 4 1 1 4 
2 1 2 3 0 1 4 4 0 0 4 4 4 3 0 2 2 3 4 0 1 1 4 3 3 4 2 3 3 1 3 0 4 2 3 0 4 3 0 0 1 1 2 0 1 0 4 1 2 4 3 0 4 4 1 1 0 4 3 1 3 3 4 1 4 3 0 4 3 1 3 3 3 1 4 0 2 0 3 1 1 2 2 1 3 1 1 0 2 1 0 1 2 4 0 4 1 0 3 0 1 0 1 1 0 2 1 2 1 2 3 4 0 1 0 3 1 4 2 0 3 4 4 3 1 3 2 1 3 4 3 1 0 1 3 4 3 2 0 0 2 2 0 3 0 4 4 4 4 3 3 1 
2 2 2 2 4 4 3 2 1 0 2 1 2 3 4 4 1 1 4 2 1 3 4 4 2 0 2 3 0 0 2 1 1 3 3 3 3 1 4 1 2 2 4 1 2 1 1 3 4 1 1 1 2 0 0 1 2 2 2 1 4 4 3 4 4 2 2 4 0 1 4 1 2 1 3 4 0 4 3 2 4 0 3 0 2 2 4 0 2 2 4 0 2 3 0 3 4 1 3 1 2 2 0 0 2 2 1 2 3 2 2 2 4 0 3 4 2 3 3 4 3 2 4 2 3 1 3 1 3 4 3 4 0 3 1 0 4 3 0 3 1 1 0 3 0 3 2 3 0 4 2 2 
0 2 1 4 1 3 0 2 4 3 1 0 1 0 3 1 4 0 1 3 0 4 1 0 3 3 1 0 2 2 2 4 0 2 4 4 4 2 3 0 2 2 3 4 1 3 2 4 0 2 4 2 0 4 1 3 2 4 1 2 1 4 1 1 2 2 4 4 2 1 4 3 4 3 1 1 2 3 2 3 3 4 0 4 0 4 4 1 4 1 3 0 2 3 3 1 3 0 0 1 1 1 2 2 2 2 2 0 1 1 4 4 1 1 4 2 3 2 4 2 2 0 3 4 3 4 4 4 2 3 2 3 4 0 1 2 3 0 0 2 2 2 2 3 2 2 3 0 3 4 3 3 
0 0 1 2 2 2 3 2 3 4 3 3 3 1 3 2 2 3 0 2 1 0 1 4 1 0 4 4 3 2 4 4 3 3 4 3 4 0 4 4 3 0 0 4 0 1 2 3 1 0 1 3 0 3 2 0 1 4 1 4 4 4 3 3 1 1 0 0 4 4 0 1 1 2 2 3 0 3 4 3 2 0 3 3 2 4 2 2 3 0 2 0 1 2 2 1 1 1 1 3 4 1 1 0 4 4 0 3 1 1 2 0 1 1 4 3 1 0 3 3 2 4 1 3 3 4 0 4 4 3 3 1 1 0 3 3 0 4 2 4 3 1 1 2 0 0 0 1 0 2 1 4 
4 2 3 4 0 3 2 0 4 0 0 2 3 0 1 1 1 3 4 2 1 1 2 0 4 1 4 2 4 2 3 0 3 0 4 1 0 1 4 2 0 4 0 0 4 1 4 4 2 4 4 2 2 4 2 4 1 2 2 3 3 2 2 4 0 1 2 4 1 1 2 1 4 1 1 2 2 0 3 1 3 1 0 1 1 0 4 1 1 2 1 1 4 3 1 2 0 3 4 2 4 2 0 2 4 3 1 2 3 4 3 2 4 1 3 0 3 2 4 2 2 2 2 4 2 4 3 3 3 1 0 0 3 0 0 2 2 1 2 2 2 1 0 4 3 3 0 4 0 1 4 1 
1 4 1 2 1 1 3 3 2 1 0 0 0 4 0 2 2 1 0 2 1 3 2 4 2 4 2 0 1 1 1 1 4 1 0 3 1 0 0 0 2 2 0 2 2 1 0 0 4 3 2 3 2 3 0 4 1 1 1 4 1 2 0 2 2 0 4 4 2 2 3 4 2 3 3 1 1 4 2 0 3 3 4 1 2 1 3 3 0 0 3 3 3 1 2 1 0 4 3 4 1 1 2 4 3 1 4 1 1 4 0 0 4 3 1 3 3 0 4 3 0 2 2 2 2 3 3 1 2 0 2 1 4 0 3 3 0 3 4 2 1 1 4 1 4 4 2 1 0 3 0 4 
0 0 4 0 3 2 1 4 2 2 2 4 3 1 3 2 0 3 4 3 0 4 4 3 3 4 3 2 1 4 4 0 1 3 4 1 2 0 0 0 1 4 4 0 1 0 3 3 2 1 2 4 4 3 3 3 1 2 2 1 3 0 4 3 3 2 3 4 2 0 3 1 2 1 0 2 3 1 2 2 4 1 4 1 0 1 4 4 4 3 1 2 2 0 3 1 0 2 1 4 3 1 4 1 0 2 4 3 4 2 2 2 1 2 2 4 0 1 2 3 1 0 2 0 0 4 1 3 1 4 4 4 4 0 0 3 1 0 2 2 2 2 4 0 0 4 1 1 1 3 1 0 
1 3 3 1 3 4 1 1 4 1 0 0 1 2 2 4 2 4 4 3 3 1 3 1 2 3 3 1 0 1 0 3 4 4 2 0 4 0 2 4 3 1 2 2 1 1 0 4 2 1 2 3 0 1 2 1 2 4 3 1 3 0 0 4 4 0 2 2 2 2 4 3 4 0 0 1 0 0 4 1 0 1 4 4 3 1 2 0 0 0 0 0 0 4 3 4 2 3 3 1 3 2 1 3 4 1 3 2 0 0 1 0 0 2 3 4 2 3 1 0 2 3 0 0 1 1 4 4 3 0 1 1 2 2 1 1 0 0 4 0 4 1 2 0 2 3 0 3 4 4 2 4 
3 4 0 2 1 0 2 1 2 4 1 2 0 2 1 3 1 1 3 3 4 4 0 4 2 4 0 1 4 2 1 4 2 2 1 1 2 3 3 0 0 1 1 2 3 2 2 4 3 3 0 4 4 3 2 1 3 1 2 3 1 1 0 2 1 4 2 0 4 1 3 1 0 1 3 0 2 4 4 1 3 2 4 4 1 1 3 0 3 4 3 2 2 0 4 1 4 2 1 2 2 0 4 0 4 3 3 2 4 2 2 2 1 0 4 2 0 3 0 4 1 1 0 4 2 0 3 0 4 2 0 2 1 2 0 0 1 4 3 2 0 0 3 4 3 4 3 0 0 2 1 4 
4 4 1 2 2 4 1 3 4 0 4 4 2 2 0 1 4 1 4 3 1 1 1 4 1 2 4 0 2 2 4 0 1 3 2 2 3 2 4 0 0 0 1 3 2 3 3 1 2 0 1 0 4 2 4 1 0 0 0 1 3 3 2 2 1 3 1 1 1 1 4 0 0 2 4 3 0 4 1 1 3 2 0 0 0 1 2 4 2 1 3 0 0 4 0 2 0 3 3 1 1 4 3 4 3 2 0 1 1 1 1 0 3 4 1 2 0 2 1 4 1 2 1 1 4 0 3 0 0 3 4 2 4 0 3 4 1 3 2 1 1 4 1 0 1 2 2 3 3 3 3 4 
0 2 0 3 3 0 1 3 0 1 1 0 3 1 0 2 0 1 1 1 0 4 2 3 2 0 3 4 3 2 0 1 0 3 4 0 3 4 2 2 1 3 4 4 2 3 3 1 0 4 4 1 0 4 2 1 2 4 1 0 1 4 4 1 2 3 1 4 0 1 2 1 3 2 2 1 1 0 4 0 4 0 0 1 0 3 2 2 1 2 0 3 4 4 3 0 0 1 0 2 2 4 0 2 0 0 0 3 3 3 2 4 3 0 3 1 0 2 2 3 0 0 1 0 4 3 3 1 4 0 2 0 3 2 3 2 1 2 2 1 1 0 0 3 4 4 4 3 1 3 0 2 
2 4 4 2 1 1 0 3 4 4 3 3 4 4 3 3 1 1 1 1 1 3 4 0 4 0 4 2 3 2 1 2 4 3 2 2 4 2 0 4 1 2 4 1 1 3 2 4 3 0 4 3 1 1 0 1 3 4 0 2 1 0 4 0 3 4 2 1 2 1 4 3 2 0 1 2 1 4 4 1 3 0 1 1 0 0 0 1 2 0 3 2 0 2 0 3 1 0 0 4 2 1 2 3 2 2 2 4 1 0 4 1 4 1 3 3 1 1 1 2 4 0 3 0 1 1 1 3 0 2 3 0 1 2 0 3 0 3 4 0 4 1 2 2 0 1 1 3 4 1 3 1 
1 3 4 0 4 0 0 0 1 1 1 2 4 4 0 2 3 4 4 3 0 4 2 4 1 2 1 4 1 1 2 4 1 0 2 0 1 2 2 4 3 1 4 2 3 0 3 3 1 3 3 3 4 2 4 1 3 3 0 3 1 0 0 4 1 2 0 4 1 1 2 3 2 2 0 3 4 4 1 1 3 4 2 1 1 3 3 3 1 3 2 1 0 1 0 1 0 2 3 0 1 1 0 4 2 4 2 4 2 4 1 1 4 1 2 3 3 4 3 1 3 4 0 3 0 2 3 0 1 0 2 0 3 4 0 0 0 4 4 3 1 3 1 2 4 1 4 1 4 0 4 2 
2 2 4 0 3 4 3 2 3 3 4 3 4 4 0 0 3 4 4 3 3 2 1 4 3 3 1 3 3 3 2 4 2 4 1 1 1 4 2 0 0 4 3 2 4 4 0 3 1 0 1 2 4 1 0 0 0 4 1 3 2 2 0 1 2 1 4 1 1 3 2 1 3 3 1 3 0 4 4 2 0 4 0 2 1 0 4 2 4 2 3 1 1 1 4 2 2 4 2 1 3 3 3 2 0 1 2 0 0 4 2 0 4 3 4 1 0 3 0 0 4 3 1 2 0 2 3 0 3 2 1 4 2 0 4 1 2 2 4 2 1 4 1 4 1 0 1 4 3 1 3 0 
1 1 4 0 3 1 4 4 3 0 4 4 4 4 0 3 3 0 2 2 0 4 0 0 3 2 1 3 0 4 4 2 4 4 2 3 0 0 0 0 3 1 3 1 0 2 0 3 2 3 1 1 0 0 0 0 1 1 3 3 2 2 4 0 0 4 0 3 0 1 3 2 0 3 1 2 2 2 4 0 4 3 3 3 0 1 2 4 4 2 0 3 0 2 2 0 3 3 3 2 2 3 1 4 1 2 0 2 3 3 3 3 2 3 1 2 3 1 0 2 0 0 0 0 1 0 0 0 0 4 3 1 0 1 3 1 3 1 0 1 1 3 2 0 2 3 0 0 4 3 4 1 
2 4 1 2 2 1 2 2 1 3 4 4 2 1 0 3 0 2 4 4 4 4 0 0 4 3 4 2 1 0 3 1 2 0 2 0 3 4 1 4 2 4 1 1 0 1 4 0 1 1 2 0 2 0 0 1 3 2 4 4 2 3 3 3 0 4 0 4 0 3 0 2 2 2 0 0 3 2 0 4 4 3 2 3 4 2 1 3 3 2 2 0 1 2 0 4 2 0 1 1 4 3 0 0 3 1 1 4 3 0 3 2 3 2 1 2 3 1 3 3 0 0 0 4 0 3 2 3 1 3 3 3 3 3 3 0 2 1 2 3 1 2 2 0 4 4 1 0 0 4 2 0 
2 3 2 1 4 0 2 3 1 0 3 1 3 0 4 1 3 4 0 1 1 0 2 1 0 1 4 3 4 0 2 3 4 4 1 4 0 2 1 0 4 4 2 2 2 3 1 0 2 4 4 3 1 3 4 3 0 1 3 4 0 3 0 2 3 2 3 4 3 3 4 3 2 2 2 3 2 1 3 2 4 2 4 3 0 0 2 2 4 3 1 4 3 4 4 2 0 2 0 0 4 4 3 4 2 0 2 3 1 2 3 1 1 0 1 1 3 1 1 3 0 1 4 0 2 2 2 2 1 0 1 3 1 0 2 0 2 1 0 1 1 0 3 2 1 3 3 3 0 4 0 3 
3 1 1 4 0 3 4 1 3 3 4 2 3 1 4 2 4 4 3 1 0 2 1 4 2 2 1 1 1 4 1 2 1 3 4 0 4 4 1 2 0 0 2 4 4 0 2 0 4 2 1 1 1 0 3 3 2 4 2 1 0 2 3 4 2 1 0 1 2 4 3 3 2 3 0 4 0 3 2 3 3 0 0 2 4 2 0 2 0 0 0 2 2 0 2 2 3 2 0 1 0 4 2 3 1 4 1 0 3 2 4 0 0 2 2 3 0 4 1 0 1 2 4 4 3 2 0 0 3 4 4 4 3 0 1 4 1 4 0 1 1 3 2 0 2 1 3 4 1 3 1 2 
4 2 1 1 2 4 2 3 4 0 0 3 4 1 1 1 3 3 3 4 4 2 4 2 4 0 1 2 1 1 2 1 2 4 4 4 3 0 2 2 1 2 2 3 4 0 2 3 2 3 0 3 2 0 2 3 3 3 1 4 0 0 3 2 1 3 1 0 2 4 4 2 1 4 4 1 4 0 1 0 1 3 1 4 2 1 0 2 3 2 2 1 4 0 2 3 2 4 0 1 3 0 2 1 4 4 4 3 0 3 4 2 1 2 1 4 1 3 0 0 4 4 1 3 1 1 0 4 4 4 2 0 4 3 3 4 1 4 4 3 2 4 0 0 0 3 2 2 3 4 4 4 
2 4 2 1 3 2 0 2 3 4 4 3 1 3 2 0 3 3 4 3 3 3 3 0 1 4 1 4 4 0 0 1 4 0 2 3 4 4 4 1 2 0 0 1 4 4 4 2 1 4 2 1 2 1 1 0 4 2 3 4 0 4 0 0 2 0 4 4 2 3 0 4 4 1 1 4 4 2 1 0 1 0 2 1 0 2 3 4 1 1 0 2 3 4 3 1 2 4 2 1 3 0 4 2 4 2 3 0 4 0 0 1 1 2 3 0 4 3 1 2 4 3 2 4 0 0 0 2 4 0 0 4 3 1 1 0 2 4 4 4 3 0 3 1 0 4 3 2 0 4 4 3 
3 1 3 0 1 2 4 2 0 4 1 0 2 0 1 4 1 3 3 2 0 2 1 1 1 4 2 1 3 3 2 3 2 2 1 1 4 0 2 4 3 3 3 3 3 3 2 4 0 0 2 0 0 4 0 1 0 2 3 2 3 2 4 4 1 4 0 4 4 0 1 1 4 1 0 1 4 1 4 3 0 4 0 0 1 0 0 4 1 1 0 4 2 4 4 1 4 4 4 4 3 0 3 1 2 3 2 3 2 3 3 2 0 2 2 2 4 0 2 4 0 1 0 4 3 2 3 1 2 0 4 0 1 3 0 1 1 3 4 2 2 0 4 0 4 1 3 1 4 3 4 3 
0 4 4 2 0 2 0 4 1 0 2 0 1 2 1 2 3 1 2 0 2 3 0 4 3 2 4 1 2 3 3 3 3 2 3 4 4 0 3 1 1 0 1 2 2 3 0 2 2 4 3 3 4 3 0 3 0 4 2 3 2 4 1 3 2 2 2 4 2 2 0 3 1 0 4 2 0 3 4 4 0 4 0 1 1 1 2 1 3 3 4 4 2 1 3 3 4 4 4 2 1 0 2 3 3 2 2 0 2 3 3 2 3 4 0 0 0 4 4 2 1 4 3 4 4 4 0 2 0 0 2 4 4 4 3 1 0 3 0 3 4 0 3 4 3 2 0 2 2 3 3 3 
1 1 2 2 1 0 4 0 4 0 3 3 0 4 4 4 3 3 3 2 1 2 1 1 1 1 1 1 0 4 2 0 4 3 3 3 3 1 3 4 1 0 2 2 3 2 4 4 3 4 1 3 3 4 3 4 3 1 2 1 1 1 4 4 2 3 4 4 1 3 4 2 2 4 0 3 4 4 2 0 0 1 3 2 3 3 0 1 1 1 3 1 0 3 0 0 3 1 4 1 3 3 0 0 4 0 2 0 3 1 3 0 0 1 0 4 2 1 4 1 2 4 2 4 2 2 1 2 2 0 2 1 1 2 1 0 3 4 1 2 1 4 4 1 0 0 0 2 1 0 4 2 
2 2 1 0 1 2 2 4 4 4 1 4 2 2 1 2 2 1 3 4 0 0 2 3 3 2 2 0 2 3 4 0 2 4 0 3 4 1 0 0 2 4 3 0 1 2 0 0 2 0 0 4 2 3 0 1 0 1 4 0 2 1 4 1 0 4 0 4 1 1 2 3 3 0 2 0 2 1 4 0 4 0 4 1 2 4 4 1 2 3 4 1 0 0 3 2 2 0 2 3 4 3 2 4 2 4 0 4 0 1 0 4 0 2 0 0 0 1 0 2 1 3 4 0 2 1 0 0 1 4 2 3 4 0 1 2 2 4 3 2 1 4 3 4 0 3 0 1 2 4 4 2 
4 3 2 0 0 4 2 3 4 4 2 3 0 1 1 1 0 0 1 1 3 3 4 4 2 4 2 4 1 3 4 0 2 3 2 3 2 3 3 2 4 4 3 1 2 4 2 1 4 0 4 4 4 1 2 3 4 1 0 1 3 4 1 3 4 0 2 1 3 4 0 3 3 1 4 2 0 1 1 1 4 2 1 3 3 2 0 0 4 0 4 1 1 3 1 0 0 1 1 4 0 4 1 3 4 3 0 0 3 1 2 3 1 2 3 1 4 0 4 1 3 0 0 0 3 2 2 3 1 0 4 3 1 1 1 0 2 3 1 2 2 0 4 1 3 3 1 1 3 4 2 1 
2 2 2 0 1 1 1 1 3 4 4 1 0 4 3 3 0 4 2 1 1 3 3 0 0 4 4 4 4 0 2 3 0 2 3 0 0 4 3 4 2 2 0 4 0 3 2 0 3 1 4 2 0 4 4 1 3 2 0 0 0 1 0 1 1 4 3 0 3 2 1 4 1 4 0 0 2 0 2 3 3 4 0 2 3 0 4 0 0 0 0 3 2 0 3 0 3 4 0 4 0 2 4 0 4 4 1 3 3 1 0 3 2 1 4 4 1 1 2 3 2 0 0 3 0 1 4 1 3 0 0 3 3 3 0 0 3 4 4 4 4 4 3 2 2 2 1 2 0 4 0 1 
1 2 3 1 4 2 3 3 1 4 4 3 4 1 1 0 1 3 0 4 3 1 1 3 2 3 2 1 0 2 2 0 2 4 4 0 1 1 3 2 2 2 2 3 0 1 3 2 3 4 2 2 0 2 1 0 3 3 1 3 2 0 1 4 0 3 2 0 2 4 0 0 2 4 3 4 2 0 2 2 1 1 4 3 4 2 3 1 3 4 4 2 3 4 3 1 0 4 2 1 1 3 1 0 2 4 0 3 2 2 0 3 4 0 0 3 1 1 2 3 0 3 3 0 3 2 1 1 4 2 2 2 3 3 1 2 3 4 0 2 2 0 3 0 4 0 3 4 1 1 3 2 
2 3 1 2 4 2 1 1 4 0 3 2 4 4 4 3 3 0 2 3 2 3 1 2 4 3 3 0 0 0 3 0 3 3 3 1 3 0 0 4 4 4 1 1 0 2 3 2 1 0 1 4 0 3 4 2 1 2 2 4 3 3 4 2 0 0 1 2 1 4 1 2 1 0 3 4 1 2 3 3 1 0 1 0 3 1 1 1 2 1 3 1 3 0 1 1 2 0 0 2 3 3 0 2 4 0 3 2 3 4 1 3 0 2 2 2 0 1 3 3 1 4 0 4 0 1 1 1 2 4 3 4 2 0 3 0 2 4 2 2 3 4 4 1 0 3 1 1 1 0 1 3 
2 1 0 3 3 1 1 2 2 0 0 0 4 3 2 1 1 2 1 2 3 3 2 0 2 4 2 2 1 2 2 0 1 1 2 0 0 2 0 4 1 3 0 2 1 1 3 2 4 1 3 0 0 0 3 1 1 3 1 3 0 2 1 2 4 4 2 3 2 3 4 2 1 3 4 1 0 0 2 2 4 4 1 0 1 3 1 4 3 4 0 1 4 4 1 1 2 4 1 0 2 2 0 4 0 0 3 0 0 2 0 0 4 3 3 3 4 4 1 2 1 3 1 1 3 4 4 4 0 4 4 1 1 0 2 4 4 0 0 4 3 0 4 1 3 1 2 3 4 0 1 0 
3 0 3 3 0 3 3 1 1 2 4 1 2 2 1 3 2 4 3 2 0 3 1 2 1 0 1 4 4 0 1 0 2 2 1 4 0 1 2 0 3 1 4 0 4 4 2 0 4 3 2 3 3 4 3 4 0 2 1 4 3 2 4 1 0 3 4 0 4 3 1 0 4 1 0 3 2 1 2 4 3 1 0 4 2 3 1 3 0 4 1 1 3 0 0 4 2 1 0 2 2 1 3 1 3 2 1 3 4 1 3 1 0 0 2 3 1 3 0 2 2 3 2 3 0 4 4 2 4 0 0 4 4 0 4 2 2 3 3 3 4 2 3 1 3 1 2 2 1 2 3 2 
4 2 3 0 4 4 4 4 0 3 2 4 2 2 3 4 0 0 0 4 2 0 1 3 4 3 4 4 2 1 0 2 3 2 0 1 3 1 2 1 3 4 4 3 4 0 1 0 2 2 1 3 1 2 2 2 4 0 0 0 4 2 3 2 0 1 2 3 1 2 1 1 2 0 3 4 0 3 3 3 3 0 1 3 4 4 2 2 3 4 4 2 1 0 4 4 4 0 2 2 0 3 0 4 2 0 0 0 1 3 2 3 2 1 3 0 3 0 0 2 1 3 0 3 0 1 1 3 1 4 3 0 3 2 2 4 4 1 4 1 0 4 1 3 3 1 2 1 0 0 0 3 
4 0 4 0 3 0 1 0 0 1 4 1 3 2 0 2 0 4 3 1 3 3 0 3 0 0 3 4 1 1 2 1 1 2 0 2 0 1 1 4 2 4 1 2 1 4 1 3 3 3 1 3 1 0 3 4 0 3 3 3 0 1 1 0 4 2 0 4 4 4 1 2 4 0 2 4 3 1 4 0 4 0 3 2 1 1 4 1 4 1 2 4 4 2 4 3 1 2 1 4 0 4 1 2 3 2 3 1 0 2 2 3 4 4 0 4 4 4 4 4 0 2 4 4 0 3 2 2 2 1 4 3 3 4 0 4 2 0 0 4 1 0 3 2 2 1 0 3 0 4 2 1 
1 0 2 0 4 0 0 3 2 2 4 3 3 4 3 2 4 0 1 0 3 2 3 4 3 3 2 1 1 1 4 0 0 4 3 1 3 3 2 4 3 1 0 4 1 3 2 2 1 1 1 1 3 4 4 1 2 3 3 0 4 0 1 2 1 3 3 2 1 1 2 3 3 4 0 1 4 1 3 2 3 4 3 1 3 0 1 3 3 2 4 2 4 4 2 2 3 3 3 2 3 3 1 0 1 1 3 2 1 4 1 3 1 0 0 1 1 3 3 0 2 2 3 2 2 2 1 4 2 0 1 4 1 3 4 1 3 2 4 1 1 0 1 4 0 2 0 4 0 4 1 1 
2 0 0 4 4 2 4 0 0 3 4 1 3 4 0 1 0 1 4 0 1 1 0 1 4 2 3 1 4 4 4 2 2 1 2 4 2 3 0 3 3 2 4 4 3 2 0 3 2 4 4 4 4 2 0 1 0 3 1 3 3 3 4 2 0 0 3 4 4 3 2 4 3 0 4 4 0 4 4 0 0 2 0 3 3 2 4 4 0 3 4 1 3 1 0 3 2 3 3 3 4 0 3 2 0 1 1 3 0 1 2 1 3 3 0 1 1 4 3 2 3 2 1 2 2 0 0 1 4 4 1 1 2 1 2 1 1 4 1 4 4 4 2 4 4 3 2 0 0 2 1 0 
0 2 3 0 2 2 4 1 4 4 3 0 3 2 2 2 0 1 1 1 4 3 1 4 4 4 0 3 2 4 4 0 1 4 0 3 1 1 0 4 1 0 2 2 3 1 4 4 1 3 2 4 0 3 3 2 2 4 0 1 0 4 3 4 3 2 2 4 1 3 2 2 3 4 4 4 4 2 3 3 4 1 2 4 4 1 4 3 3 2 4 1 4 4 2 4 4 4 4 1 2 0 4 3 1 0 3 2 2 3 1 0 1 4 3 3 2 3 1 3 4 0 2 2 1 4 1 1 3 4 4 2 1 2 1 3 2 0 3 4 0 1 4 3 1 2 0 3 0 1 2 4 
0 0 1 1 1 3 4 0 1 0 3 0 2 0 3 1 2 1 3 2 1 1 4 4 2 2 2 3 4 0 3 2 1 1 1 1 0 0 3 4 0 3 0 1 0 0 3 2 3 1 2 1 2 4 4 2 3 1 1 4 3 3 0 0 0 1 2 0 1 4 2 1 1 3 0 4 4 1 1 3 1 0 0 4 2 2 3 1 0 1 1 1 0 1 1 3 2 0 0 4 4 3 0 3 3 2 2 0 3 0 1 1 0 3 2 4 3 2 1 0 4 3 2 4 4 1 2 1 3 2 0 3 4 3 2 1 0 2 2 3 0 1 3 3 1 3 4 2 0 4 0 4 
0 2 1 3 2 1 3 1 1 4 1 3 3 1 4 1 1 4 3 2 0 0 2 1 4 2 1 2 1 3 3 0 1 1 1 4 2 1 0 4 4 1 0 3 1 4 2 3 0 3 0 3 4 3 0 3 3 0 2 4 4 1 4 0 2 4 4 0 3 0 0 3 0 4 2 4 3 4 0 4 4 2 3 2 4 1 2 3 0 3 2 1 1 4 4 1 1 1 2 3 4 3 4 0 1 2 3 4 4 2 3 3 2 3 2 1 4 0 2 1 0 1 4 4 2 2 2 0 0 2 4 0 3 3 2 3 1 0 1 0 3 1 4 0 2 3 3 3 2 0 3 3 
2 1 4 0 4 0 4 0 4 4 2 0 3 0 0 0 4 3 4 4 3 1 3 4 3 2 0 1 3 4 4 3 1 2 3 4 4 3 1 0 4 4 0 0 0 3 3 0 0 1 0 0 2 2 1 4 3 4 1 3 1 1 3 2 4 3 4 3 3 3 1 1 3 3 3 3 3 2 3 1 1 1 1 3 4 4 1 4 1 1 3 0 2 1 2 4 3 0 0 0 4 4 2 2 1 0 1 1 2 3 4 4 4 4 2 2 3 4 3 3 2 3 2 2 3 4 3 0 4 1 0 4 3 1 3 0 4 1 2 0 4 2 2 1 2 4 2 1 1 0 4 4 
1 4 0 0 2 4 0 4 3 0 0 0 0 3 0 3 0 3 0 0 0 1 3 0 3 0 2 1 2 2 0 0 2 2 4 4 0 3 2 0 2 3 1 2 4 0 4 0 1 3 1 1 2 0 3 2 4 3 0 4 2 0 2 2 2 2 0 4 4 1 3 1 2 3 4 0 4 3 3 0 2 2 2 1 3 3 1 1 2 4 1 3 0 3 3 1 3 2 1 0 3 4 3 1 2 0 2 1 0 3 4 1 1 3 3 4 4 0 3 2 2 1 1 2 3 0 2 0 4 2 3 4 0 4 4 3 4 1 0 0 3 1 1 0 2 3 3 2 0 3 0 0 
3 4 1 3 0 1 4 0 0 2 0 2 4 3 0 4 1 3 4 3 4 2 2 3 2 2 2 1 2 4 2 4 1 1 4 0 2 1 4 0 3 3 4 2 2 4 4 0 3 1 2 3 3 2 2 4 0 4 4 2 1 2 1 1 2 2 2 0 1 2 1 1 0 1 3 1 1 0 0 4 3 4 1 2 1 2 4 2 4 2 3 1 2 0 1 1 3 1 1 0 4 2 1 1 1 1 3 4 4 3 4 3 1 1 4 4 1 2 3 0 4 1 1 1 1 4 3 3 0 3 1 4 0 1 4 3 4 0 2 0 1 3 4 1 1 3 2 3 2 3 3 1 
1 4 4 2 0 2 4 2 0 4 1 2 1 2 1 4 2 2 0 4 1 0 3 2 2 2 3 0 3 2 2 0 0 1 3 0 4 3 0 0 4 0 3 4 0 4 3 1 2 1 3 2 3 0 2 3 3 4 0 4 3 0 0 2 1 2 4 4 0 3 0 4 4 3 1 4 1 3 1 3 4 2 3 1 0 4 0 3 1 4 2 4 4 1 1 4 4 2 0 0 4 4 2 4 2 1 1 3 1 1 4 0 2 2 2 0 0 2 3 1 3 2 2 2 2 2 4 0 3 3 0 2 4 0 3 1 0 0 1 3 3 2 2 4 1 0 4 1 0 4 3 3 
1 3 1 3 3 0 2 1 2 4 2 0 0 0 2 2 3 1 1 1 1 0 1 0 1 4 1 4 3 2 4 2 4 1 0 4 0 0 4 3 0 0 1 0 3 4 3 0 0 1 2 1 1 4 2 3 1 0 3 0 2 1 3 2 3 1 3 2 0 2 1 3 1 2 2 0 2 0 1 0 4 4 1 3 0 2 0 3 2 0 0 1 3 0 1 0 0 2 3 3 2 2 4 3 1 4 0 0 4 1 4 1 2 3 0 0 2 3 4 1 4 3 1 1 2 0 4 4 3 4 0 3 0 2 0 4 2 1 4 3 4 2 0 2 1 1 4 0 1 3 2 0 
2 3 4 2 4 2 0 1 2 4 2 2 1 3 2 0 1 3 0 2 1 1 0 4 3 0 0 3 0 3 2 4 2 2 4 0 3 3 4 2 1 2 0 0 4 0 0 0 0 0 0 0 4 3 1 2 0 2 0 4 3 3 0 0 1 0 2 2 1 2 2 4 0 2 2 2 4 3 4 1 0 3 0 1 0 1 2 4 4 4 4 0 1 0 1 4 1 0 2 1 0 3 1 0 4 4 0 2 0 3 3 3 1 0 3 1 3 0 2 2 4 0 0 2 1 3 3 2 1 4 1 0 4 4 1 2 4 2 0 2 2 1 3 2 0 2 0 0 1 2 2 2 
4 3 0 0 0 0 0 3 0 2 2 4 1 2 0 3 0 3 0 2 4 3 2 0 1 3 4 4 2 0 1 0 0 2 2 3 1 4 1 2 3 4 0 1 2 1 4 2 0 3 1 4 1 4 3 2 2 2 0 0 3 3 0 4 2 0 2 1 4 2 0 2 0 0 2 4 1 2 3 3 0 4 4 2 3 4 3 3 1 1 4 1 2 3 0 4 1 0 3 1 3 0 4 0 3 1 0 2 3 1 3 3 1 4 2 1 1 3 3 3 1 2 0 2 0 1 3 3 4 4 4 4 4 3 0 3 3 1 4 1 3 1 3 2 0 3 0 3 0 1 0 1 
2 0 1 1 2 4 2 4 2 3 1 2 2 2 2 0 0 0 1 0 2 4 1 3 2 2 2 4 4 4 1 0 2 3 0 1 0 1 3 4 4 1 2 0 0 0 0 2 3 4 1 1 0 0 2 3 2 4 2 4 3 2 2 2 4 1 1 0 1 2 1 4 0 1 3 3 3 1 0 1 0 2 3 2 4 1 3 1 0 4 2 1 1 4 3 0 2 1 0 1 3 4 1 3 2 2 3 2 2 4 0 2 0 4 0 3 1 0 0 4 2 0 4 1 2 4 1 4 4 0 2 2 3 1 4 3 4 0 0 0 0 2 3 4 2 0 2 3 1 0 1 3 
0 4 1 3 4 3 3 2 1 2 4 0 2 4 3 0 4 2 3 0 3 0 3 3 3 1 1 3 3 2 2 0 0 0 3 0 0 0 0 2 2 2 0 4 4 4 4 1 3 1 4 1 2 0 1 3 0 0 0 2 4 2 0 4 1 2 4 2 4 4 4 2 0 4 3 2 3 2 3 4 4 1 2 2 3 2 1 3 2 2 3 0 4 0 1 0 2 0 3 3 3 0 4 0 1 2 2 3 2 2 4 3 4 3 1 3 0 0 1 2 3 2 0 4 0 0 4 3 0 0 1 3 2 4 4 2 1 1 4 2 0 1 0 3 0 0 1 1 2 4 1 0 
4 0 2 4 3 2 0 1 2 3 4 1 3 3 2 1 1 3 3 1 4 0 2 0 1 1 3 1 0 2 4 0 2 4 2 0 3 4 2 1 2 0 4 3 4 0 4 3 2 0 4 0 1 0 1 0 0 4 3 3 3 0 2 2 3 3 2 3 2 2 3 2 0 0 0 2 0 3 0 0 1 0 3 0 4 4 1 1 1 4 3 0 4 3 4 1 0 4 1 2 0 0 4 4 3 2 0 4 2 4 1 0 2 3 4 2 2 0 1 4 3 1 2 3 1 0 2 4 3 1 4 4 4 2 0 2 4 3 0 4 3 2 4 3 0 1 2 1 2 2 2 2 
4 4 4 3 3 4 3 3 1 3 1 1 1 4 3 2 2 1 4 4 0 0 2 1 3 4 2 4 3 1 4 4 0 1 2 0 1 0 1 0 4 3 0 3 2 3 3 0 4 2 2 4 4 1 0 2 3 2 0 1 1 1 2 3 3 3 2 1 2 0 3 4 1 1 0 4 2 1 1 2 4 2 2 0 4 2 1 2 2 2 0 4 4 2 0 2 1 4 0 1 4 1 1 0 3 2 3 4 4 2 0 1 3 1 0 1 2 0 4 3 1 0 0 1 1 3 4 4 1 3 0 0 0 0 3 0 1 0 1 4 4 4 0 0 4 2 3 0 0 1 1 2 
1 2 3 1 4 0 1 3 2 0 0 1 2 1 1 4 2 2 2 1 0 1 3 0 0 4 2 2 0 3 2 4 3 2 2 4 4 4 4 1 4 3 2 3 0 4 0 4 2 4 3 4 4 4 2 4 4 1 3 1 2 3 2 1 0 3 0 1 3 0 3 3 2 1 2 0 0 2 1 3 0 3 0 4 4 3 0 3 2 1 2 1 1 1 0 0 2 1 4 2 3 1 2 3 3 2 4 2 0 3 3 3 0 2 0 2 0 1 2 1 4 1 3 3 4 3 2 1 1 2 1 4 0 4 4 2 2 1 0 0 0 1 2 2 2 0 1 2 4 4 1 0 
4 4 4 2 3 0 3 0 2 1 1 3 0 2 2 0 4 0 3 3 1 3 4 0 2 0 1 2 4 0 0 4 4 2 0 2 4 2 3 0 3 3 4 0 2 2 0 0 1 2 3 1 0 3 2 1 1 3 1 0 0 1 2 1 2 3 4 3 4 0 3 2 2 2 4 0 3 4 1 2 3 3 2 0 0 1 1 2 4 2 0 2 0 2 3 0 2 4 3 2 1 3 4 2 0 3 2 0 2 1 1 3 1 2 4 3 3 1 3 3 1 4 1 4 3 0 1 2 1 1 4 1 1 2 4 3 3 3 2 2 0 1 3 2 1 2 3 2 2 0 1 3 
1 1 1 2 4 3 2 2 3 1 0 0 4 4 3 4 3 2 2 0 3 0 1 0 0 4 3 4 2 4 0 3 3 0 1 2 3 1 0 1 1 2 0 2 2 3 3 0 4 2 0 0 3 1 0 0 2 2 3 3 1 0 3 0 2 1 2 0 1 0 1 2 0 2 1 1 2 1 3 2 2 3 1 0 1 0 2 0 1 2 1 3 3 1 0 1 4 2 1 1 1 0 1 1 4 1 1 2 2 4 1 2 2 4 3 0 3 2 4 3 4 2 2 0 2 3 2 0 4 4 1 0 2 1 2 4 2 1 4 4 2 0 1 4 3 0 3 1 0 0 3 2 
1 1 4 4 2 2 4 4 0 3 1 1 0 2 0 4 2 3 4 3 2 0 2 0 1 1 1 4 0 2 0 4 4 3 1 3 2 1 2 2 2 4 1 0 2 2 3 0 3 1 2 4 0 4 1 1 0 2 1 0 4 3 1 3 3 3 1 0 2 2 3 3 0 1 0 1 3 4 4 2 3 1 4 1 0 4 4 0 1 1 0 0 1 1 1 2 4 3 2 4 4 2 2 0 3 2 1 1 2 0 0 2 1 0 1 3 3 1 4 2 4 3 4 1 0 3 0 3 3 0 3 4 4 0 1 2 0 1 1 3 1 1 0 2 3 3 2 0 3 0 2 4 
3 2 0 2 4 2 0 2 0 0 0 4 3 0 2 3 1 2 1 0 1 2 4 4 2 4 4 1 4 2 3 4 2 1 0 1 4 4 2 2 0 2 1 0 1 2 4 4 0 4 1 0 2 2 2 4 1 1 3 3 0 4 3 3 1 1 3 2 4 1 3 0 4 4 3 2 2 0 2 1 0 1 2 2 3 2 1 1 1 1 1 0 0 1 2 1 3 3 0 3 1 0 0 2 3 0 2 4 3 1 0 3 0 2 3 2 3 1 2 4 4 2 1 3 1 3 0 3 0 2 1 3 1 0 1 3 0 0 0 0 0 4 4 1 2 1 2 4 1 2 0 0 
4 1 4 2 2 3 3 0 3 3 1 1 4 1 3 3 1 1 1 2 4 3 4 4 3 3 0 4 0 2 2 0 0 4 1 4 2 1 2 3 2 4 0 4 1 4 1 4 4 4 0 2 1 2 0 2 3 2 1 4 0 2 2 0 1 1 0 1 2 3 3 1 4 3 1 0 2 2 2 2 1 4 3 4 4 3 3 1 3 4 2 0 3 4 0 3 3 4 0 2 1 2 3 3 0 0 4 0 2 2 4 2 4 3 2 1 1 0 1 3 4 3 3 0 2 2 1 4 4 0 0 2 1 2 2 0 2 0 0 0 0 3 0 0 4 4 0 1 2 4 0 4 
3 1 3 4 0 0 0 1 4 4 2 3 2 3 0 3 0 1 4 4 2 2 3 1 1 3 0 1 1 3 3 4 1 0 2 1 3 1 0 0 2 4 4 0 1 3 1 2 1 2 3 4 3 0 1 3 2 0 3 1 1 2 2 1 1 2 0 3 1 1 1 4 3 1 3 0 2 0 0 0 3 4 0 1 1 1 4 2 2 0 1 1 0 0 2 4 3 3 1 0 4 4 0 2 2 4 3 2 3 3 0 4 3 1 0 1 2 1 2 1 3 3 2 0 2 0 0 2 3 4 1 2 4 0 3 2 3 2 2 1 4 0 4 1 0 4 2 4 2 0 1 1 
2 4 0 1 3 3 1 0 4 3 4 2 1 2 1 4 4 3 3 3 4 0 2 0 0 1 4 1 4 4 3 2 1 0 1 4 1 2 4 2 4 2 1 2 3 0 0 2 1 2 0 1 1 3 2 4 0 4 3 1 0 1 2 0 3 3 4 3 3 1 0 0 4 0 1 2 0 3 4 1 4 4 0 4 4 0 2 3 0 0 0 3 3 2 0 0 3 0 1 1 4 1 3 4 1 0 2 4 4 4 0 0 4 4 3 2 2 4 2 1 2 0 0 0 1 4 3 1 3 0 2 4 3 1 3 3 2 0 3 4 2 1 2 2 2 1 0 0 0 2 1 0 
0 3 4 2 3 2 3 0 4 0 2 1 4 1 1 1 0 2 3 2 3 2 1 3 2 2 3 2 2 3 4 2 2 4 3 1 2 1 0 3 4 3 4 2 0 3 1 0 0 4 0 3 2 4 1 3 2 4 0 4 0 2 2 3 4 4 2 3 1 2 1 0 1 1 3 2 4 2 2 1 1 4 2 3 3 4 3 2 0 1 4 1 3 2 2 2 4 2 3 1 2 1 2 3 1 0 4 2 4 2 1 2 3 0 2 0 1 4 0 1 1 4 2 4 2 0 4 4 0 3 0 2 3 4 3 1 1 0 0 1 4 4 4 0 4 2 0 0 4 4 4 0 
0 0 2 0 3 1 0 4 2 4 4 0 4 3 2 1 3 3 2 1 1 3 1 1 2 0 4 4 0 0 1 4 4 1 1 3 2 0 1 1 1 4 4 2 4 0 3 4 1 2 0 4 2 1 0 3 0 1 2 0 2 2 0 2 4 4 0 4 3 0 3 1 1 1 3 3 4 0 2 2 0 0 1 1 1 3 0 0 3 3 4 1 4 0 1 0 0 3 0 4 4 1 1 3 1 1 4 1 2 0 1 4 1 0 4 1 3 0 3 1 1 3 4 1 3 1 2 1 2 1 4 0 1 3 1 2 4 1 1 2 2 0 2 4 1 1 1 3 4 4 2 3 
4 4 3 2 1 1 4 4 3 4 4 0 4 3 2 2 0 1 0 3 0 4 1 3 1 4 3 1 2 0 3 3 0 4 4 1 0 4 0 3 1 2 3 0 0 2 3 2 4 0 4 2 2 0 1 3 1 3 0 2 3 3 4 4 2 4 0 1 4 1 1 1 0 4 3 4 3 2 1 3 1 3 4 3 1 4 2 0 0 1 4 2 1 2 1 0 1 2 0 2 3 0 4 4 0 2 3 2 1 4 3 4 2 0 2 2 4 1 0 4 0 2 2 0 0 3 1 4 2 1 1 3 0 4 0 1 3 3 2 1 0 1 0 0 1 1 0 1 1 4 1 1 
2 3 3 1 2 2 1 1 2 2 4 3 3 4 3 1 3 4 2 2 1 1 2 4 2 0 4 0 3 2 2 2 0 1 0 1 4 3 2 2 4 3 4 3 3 4 2 1 0 2 3 0 0 3 0 2 3 1 0 2 0 1 2 3 2 4 1 3 3 0 0 1 0 3 0 4 4 2 3 0 3 3 4 3 4 1 1 3 2 2 2 0 1 4 3 4 4 0 3 1 2 1 4 2 0 2 4 1 1 0 2 2 0 2 1 1 0 3 4 3 1 1 0 0 3 1 1 2 3 1 4 2 1 2 0 4 3 0 0 4 3 1 2 0 1 1 2 0 0 4 4 4 
0 0 1 0 1 3 0 0 3 3 0 3 2 1 2 3 3 0 1 1 4 3 2 2 0 4 2 0 4 3 4 3 3 2 3 0 3 1 0 3 1 4 1 2 1 3 2 0 0 3 0 4 1 2 1 3 1 4 3 4 3 2 3 2 3 3 4 3 3 3 3 0 3 3 3 2 3 4 2 3 4 3 0 2 0 4 2 0 3 0 0 2 1 2 3 1 3 3 2 1 3 2 3 1 2 2 0 2 3 3 0 0 0 1 2 4 4 2 0 3 0 0 0 3 2 3 2 4 2 4 1 1 4 4 2 0 0 1 2 4 1 2 0 0 0 1 2 3 0 2 4 1 
0 2 2 2 0 4 4 2 3 1 4 1 2 3 3 3 4 1 3 3 0 3 0 4 3 3 1 1 3 2 4 0 0 0 3 4 1 3 0 3 0 1 1 2 4 0 3 2 2 3 4 1 2 2 4 3 2 1 2 2 1 4 3 1 4 2 2 3 2 1 2 4 1 2 4 3 0 3 1 3 2 0 4 0 2 3 4 3 2 4 3 2 2 4 3 2 4 0 4 4 2 1 4 1 0 4 4 1 1 1 4 4 0 1 3 4 2 4 3 2 4 2 4 2 0 2 2 3 4 0 3 0 3 2 3 3 2 2 0 0 2 1 4 1 4 2 1 3 1 0 0 1 
0 2 3 4 3 2 1 4 2 2 0 1 1 0 3 1 1 2 3 0 3 3 4 3 3 2 0 4 1 2 1 4 2 3 1 0 2 2 4 1 3 2 0 4 3 1 3 1 2 0 2 4 0 3 4 3 3 4 3 3 3 1 2 2 4 2 4 3 3 2 0 1 0 1 0 2 1 4 3 2 2 2 0 4 2 2 4 0 2 0 2 4 4 1 1 1 1 1 2 1 3 0 3 4 3 4 3 2 3 0 3 4 4 2 3 1 2 1 3 4 4 1 4 4 1 3 3 3 0 1 4 4 0 1 1 2 0 2 0 4 4 0 1 0 2 4 3 4 1 4 4 4 
4 3 3 3 3 2 4 2 2 1 2 3 0 3 1 2 0 1 3 4 3 3 2 4 4 0 4 1 4 2 2 2 1 1 0 2 3 0 4 4 3 4 1 2 3 2 1 3 4 1 3 1 1 3 0 4 1 1 1 3 2 0 2 3 2 0 4 1 4 3 0 0 0 2 0 1 4 3 1 3 4 2 3 2 1 1 1 4 1 1 2 1 4 3 4 3 1 3 2 3 1 4 2 3 1 2 3 1 4 1 1 3 0 1 0 4 2 3 1 0 3 2 2 0 4 4 1 4 2 3 2 0 1 1 2 1 3 2 4 3 1 1 3 3 4 0 0 2 1 3 0 3 
0 2 3 4 4 3 3 0 1 2 0 0 0 3 2 4 2 2 3 3 1 0 2 4 4 0 1 1 3 1 1 4 0 3 0 2 3 4 2 3 0 0 1 1 4 0 2 2 1 4 0 4 2 4 3 2 4 3 1 0 0 3 3 2 1 2 4 4 1 0 3 1 1 1 4 4 1 3 0 0 1 2 2 3 1 0 1 3 1 4 0 3 0 3 3 3 0 3 4 1 1 4 3 0 2 2 3 1 1 4 0 3 0 4 4 1 0 4 3 1 1 2 1 0 0 0 2 2 1 1 0 2 0 3 0 4 4 3 3 1 0 4 0 1 1 2 4 0 0 1 0 3 
2 2 1 2 2 2 1 3 4 4 4 4 0 1 1 3 1 2 0 3 4 1 2 2 0 3 4 2 3 1 3 3 1 1 0 0 3 3 0 3 3 3 3 2 0 4 0 2 2 2 1 2 4 3 3 0 0 3 3 1 3 4 0 1 2 2 2 0 1 2 4 1 2 2 3 4 3 2 2 3 2 3 2 1 4 2 1 3 4 0 3 1 0 2 3 0 1 4 0 3 3 3 1 1 4 1 1 3 4 0 0 4 1 4 0 3 0 2 1 3 3 0 4 0 3 1 4 4 1 0 2 3 0 2 3 4 1 4 2 0 2 2 1 2 1 4 2 1 4 4 2 4 
2 3 1 0 3 2 2 1 4 0 2 4 4 0 4 4 0 4 1 1 2 4 2 4 1 0 2 3 1 1 4 2 3 0 1 1 1 2 3 0 1 0 2 0 0 0 1 0 3 1 3 3 1 0 3 1 0 2 2 1 3 0 4 4 4 3 3 2 2 1 0 4 0 3 2 2 0 1 0 0 3 4 3 3 0 0 2 2 1 3 4 4 3 2 0 1 1 3 1 1 2 4 4 3 0 1 3 3 4 3 2 1 0 2 4 0 0 0 4 4 4 1 3 3 0 2 4 3 0 4 0 4 1 1 1 4 4 0 1 1 0 1 1 3 2 0 0 3 2 4 0 0 
1 2 2 4 3 1 2 4 4 1 3 2 1 3 3 1 1 3 1 1 3 0 1 4 1 2 4 0 2 1 3 2 0 0 4 1 2 3 0 2 1 3 1 4 2 3 0 2 0 3 4 3 1 2 2 0 3 4 3 0 2 1 1 4 0 4 3 4 0 0 3 3 0 1 0 4 4 2 0 4 1 1 3 3 2 3 2 3 1 0 3 2 0 2 0 2 1 2 2 3 0 3 3 0 2 3 0 1 2 4 0 1 3 4 2 3 2 0 3 0 0 4 4 2 1 0 4 2 1 1 1 2 2 3 1 4 0 2 4 4 4 3 0 3 4 1 3 1 0 3 4 4 
4 4 3 4 3 4 1 2 2 0 3 2 3 4 0 0 2 2 0 0 2 2 1 3 4 0 0 0 4 1 0 0 2 4 3 1 4 0 0 2 4 0 0 2 0 3 0 2 1 1 1 3 2 2 0 1 4 0 3 0 1 2 2 0 3 1 1 1 4 2 0 4 0 0 1 3 0 0 0 2 2 1 1 3 1 3 4 4 3 4 2 1 2 0 4 3 3 4 2 4 2 2 0 1 1 0 1 0 1 3 3 4 0 3 2 0 2 4 0 4 1 0 3 1 0 2 1 3 3 2 1 1 1 2 0 4 2 3 1 4 1 4 0 2 4 1 2 2 2 1 4 4 
0 3 3 2 2 1 2 2 1 3 4 3 3 4 1 4 4 0 2 1 3 3 2 0 1 4 2 4 2 0 2 4 3 2 1 0 3 1 2 4 3 2 3 1 2 1 4 0 0 2 4 2 4 2 4 3 0 2 3 2 1 2 4 0 1 4 2 1 1 1 2 0 0 2 4 3 3 0 3 1 1 2 4 1 0 4 1 2 2 3 2 1 1 1 3 0 0 1 3 3 0 1 3 1 2 3 4 1 2 0 0 1 3 2 1 0 1 4 0 2 1 3 2 1 0 0 0 4 4 0 3 4 1 2 0 4 1 2 3 0 2 1 0 1 2 1 4 0 0 4 1 0 
4 0 4 1 1 0 0 4 3 0 1 3 0 4 0 0 4 0 2 0 0 2 3 0 2 4 1 3 1 2 4 4 2 0 2 1 4 2 4 2 1 4 2 2 0 4 1 4 3 0 3 3 0 4 1 0 0 0 4 3 2 1 0 1 4 4 1 4 1 3 4 1 1 2 0 4 3 4 3 1 0 3 1 3 3 3 0 3 2 1 2 1 2 3 3 3 3 4 3 3 3 1 2 0 4 1 2 2 1 3 2 4 3 1 2 1 3 3 3 0 3 3 3 1 1 4 3 1 0 4 0 1 4 3 1 2 3 0 4 1 0 3 1 0 2 3 0 3 0 0 3 3 
0 0 1 2 3 4 4 0 0 1 3 0 4 1 1 0 3 0 0 0 3 1 3 2 2 4 3 2 2 4 2 1 0 1 0 4 0 4 3 3 1 4 4 2 1 3 1 4 0 4 0 2 3 3 4 4 3 4 0 2 0 1 4 1 4 2 0 0 0 1 3 2 3 4 4 4 4 2 3 3 1 1 3 2 1 4 0 1 4 4 3 2 1 2 2 1 1 4 2 0 1 4 2 1 1 0 1 2 0 0 3 2 1 3 2 4 3 4 2 4 3 1 0 3 0 4 1 3 2 3 3 1 1 1 4 1 0 2 0 0 0 2 4 1 1 2 4 4 0 3 2 0 
0 4 4 3 2 0 3 1 4 4 2 1 0 4 4 2 2 0 4 2 4 4 4 1 2 2 2 2 1 2 2 2 1 1 4 4 4 4 1 4 0 3 2 1 3 4 2 2 0 2 1 3 1 0 1 0 4 4 2 0 2 4 2 3 0 3 4 0 1 2 1 4 4 3 1 4 1 3 4 2 2 0 0 2 3 3 1 1 4 0 4 2 2 4 0 0 4 0 1 2 3 1 3 4 1 3 1 4 0 0 2 4 2 0 1 3 0 1 3 0 4 1 3 1 3 2 0 4 4 1 4 2 2 3 3 2 2 0 3 4 4 2 0 1 1 0 2 0 3 0 0 0 
0 0 3 3 1 4 3 1 4 4 0 1 4 0 2 1 3 2 1 3 4 4 2 1 4 1 0 1 4 1 1 3 2 4 4 2 1 4 4 1 0 2 3 2 0 3 1 4 3 2 4 4 4 4 0 4 4 0 2 3 1 3 3 4 1 2 2 0 0 2 3 1 0 1 2 1 1 4 1 0 0 3 4 0 3 1 3 0 0 4 2 4 4 3 4 3 0 3 4 1 2 0 0 1 3 4 3 3 1 2 3 4 4 4 4 2 1 0 0 2 2 0 4 0 4 3 4 0 4 1 3 0 2 0 3 3 3 3 1 4 3 4 1 3 3 3 2 0 3 4 3 0 
3 4 3 3 0 0 4 1 1 2 0 1 1 2 4 4 2 2 2 3 0 0 4 4 2 1 3 2 4 3 1 4 3 1 2 4 0 1 2 2 4 4 1 3 0 0 1 0 3 1 3 2 1 3 1 4 4 1 4 2 0 2 3 3 4 0 4 2 3 3 4 0 4 0 3 2 4 2 4 3 1 2 3 4 0 2 0 4 1 1 3 1 2 2 1 4 2 2 2 3 3 2 0 2 4 1 1 1 3 2 1 3 4 3 0 2 0 0 3 2 2 1 3 4 3 3 2 1 1 1 0 2 0 4 0 1 4 4 0 3 3 1 3 1 0 3 3 3 4 4 4 2 
2 2 2 1 0 2 0 1 2 4 4 3 1 4 2 3 1 1 1 1 1 2 4 1 4 2 4 2 1 1 0 1 0 4 0 1 0 3 4 0 0 4 0 3 0 3 3 0 3 1 2 3 1 4 0 2 2 3 2 2 3 1 2 4 4 2 0 3 0 1 0 2 4 0 1 3 0 4 4 0 0 0 4 2 0 0 2 4 4 3 1 3 0 2 3 2 3 4 2 3 0 3 1 2 4 1 2 2 3 0 1 1 1 3 2 2 0 3 3 3 4 2 4 2 3 4 3 2 3 4 3 1 4 2 4 4 2 0 3 1 4 0 0 2 3 3 3 3 1 3 1 0 
2 1 3 0 1 3 2 1 3 1 3 2 4 0 2 4 4 3 0 4 3 3 1 2 3 1 4 0 1 4 4 1 3 3 0 2 3 2 0 1 1 2 4 0 4 3 3 2 2 4 4 0 0 2 4 2 2 2 1 0 4 2 1 1 3 2 0 1 3 2 3 4 3 3 2 0 4 1 1 0 1 2 4 2 0 2 1 2 2 3 1 1 4 1 0 2 1 2 3 3 1 1 1 3 3 4 1 1 4 0 1 3 1 4 3 0 0 3 1 0 2 2 2 4 1 4 2 2 2 1 2 3 1 4 2 4 3 0 3 1 2 1 3 0 1 1 3 2 2 0 1 4 
1 4 0 3 3 2 1 4 2 4 0 2 2 0 3 2 3 1 3 2 0 1 4 4 0 4 2 4 0 2 3 0 2 0 2 2 1 0 3 0 0 3 1 2 4 1 1 3 3 0 2 2 1 3 4 4 4 0 0 0 1 1 3 3 4 2 1 3 0 0 2 0 3 2 3 0 1 4 3 4 3 3 4 3 0 3 0 4 4 3 4 4 0 1 0 1 4 3 3 0 2 2 4 4 3 3 2 0 3 0 4 4 3 1 4 4 2 2 4 2 3 2 2 3 4 4 4 0 1 3 3 2 0 4 0 2 4 2 1 2 1 2 1 4 1 4 3 4 2 4 4 2 
3 1 2 1 3 3 0 3 1 0 2 4 0 2 4 1 0 1 1 0 1 4 0 0 2 1 4 2 2 0 2 4 4 4 4 4 3 3 1 2 4 2 1 1 0 0 4 2 2 1 1 1 0 0 0 0 2 3 0 4 0 0 4 4 2 1 2 4 4 0 0 4 4 0 0 4 3 2 0 4 2 4 2 1 2 2 0 1 1 2 0 1 0 1 2 1 1 2 4 2 0 4 3 3 2 0 3 3 0 4 4 1 1 1 0 1 3 3 3 1 1 1 2 0 3 1 4 0 4 3 4 0 1 2 3 3 0 3 2 3 3 2 0 2 2 2 2 2 1 4 4 2 
2 1 0 1 1 2 1 4 2 1 2 1 2 4 0 1 0 4 3 1 4 1 3 3 2 0 3 3 1 2 0 0 3 2 2 3 2 4 3 1 0 4 4 3 3 0 3 0 1 0 1 3 0 4 2 4 3 3 2 1 1 1 3 3 0 4 2 1 3 1 1 1 4 4 4 0 4 1 1 0 1 3 1 3 4 3 0 0 4 1 3 4 0 3 3 4 4 3 0 0 1 2 2 0 1 1 2 2 4 4 4 2 1 4 0 0 4 4 3 1 3 4 0 1 0 3 1 3 0 2 1 1 1 4 2 0 4 4 4 3 1 2 2 1 0 1 1 2 0 2 4 0 
3 4 1 3 4 3 2 0 0 2 2 2 1 3 2 4 0 0 1 3 2 1 3 4 2 1 4 4 4 4 2 2 4 2 0 4 4 4 1 3 2 3 0 4 0 0 2 4 4 4 2 3 3 2 4 3 4 2 3 3 0 2 4 1 4 0 2 0 4 3 4 3 3 0 1 3 0 4 2 0 3 4 0 2 3 2 4 1 2 1 1 2 3 3 2 2 0 0 0 3 3 0 1 3 0 3 0 2 0 1 0 2 2 2 0 1 1 3 4 1 4 1 2 3 2 0 3 0 3 3 3 1 1 0 4 3 2 4 0 4 0 3 1 3 4 4 3 4 2 3 1 3 
3 3 3 3 1 2 0 0 4 1 2 0 3 4 3 2 2 3 1 0 4 0 4 3 4 2 4 4 0 0 1 4 2 4 1 4 3 0 3 1 4 1 2 4 3 3 0 0 1 1 1 1 2 3 0 1 2 1 1 1 1 3 0 0 4 2 1 1 1 4 2 2 2 2 4 3 4 0 1 3 4 3 3 3 0 1 0 1 1 4 3 4 0 1 2 1 2 0 2 0 2 0 2 1 3 3 2 4 3 2 0 1 1 0 4 3 3 0 2 2 4 2 1 4 3 4 0 0 4 1 0 4 0 0 3 1 0 1 4 0 2 3 2 2 2 2 0 1 3 4 4 2 
1 0 4 1 4 3 0 4 0 3 1 0 0 4 4 4 4 4 3 4 2 4 0 4 1 3 2 1 1 2 1 3 1 3 2 2 1 2 3 2 3 4 3 1 3 4 3 3 2 1 2 4 1 1 2 2 1 1 2 2 3 4 3 0 3 2 4 1 2 3 2 1 1 1 2 0 3 2 1 0 0 0 3 2 3 2 2 0 0 3 1 3 0 3 1 1 2 4 2 1 2 0 1 3 3 4 3 3 4 2 4 1 4 0 2 4 2 4 2 1 0 0 3 4 3 2 4 2 0 2 2 3 4 3 1 4 1 4 2 4 3 4 1 4 2 3 1 4 0 2 1 4 
3 4 2 2 1 3 2 1 1 2 3 4 2 0 3 2 0 0 1 2 3 2 3 1 4 4 4 0 2 3 3 4 0 2 0 1 0 1 4 1 0 2 0 1 0 1 0 3 1 4 4 1 0 2 0 2 4 2 3 3 4 1 3 4 2 1 1 0 0 3 4 0 3 2 2 0 3 0 4 2 3 4 1 1 2 3 4 4 3 3 4 1 2 2 1 4 2 4 4 1 0 0 2 4 1 1 2 3 4 4 3 4 2 0 1 3 0 2 3 4 2 2 2 4 4 2 0 3 2 1 0 3 0 1 4 0 0 3 3 0 0 0 0 2 4 2 3 2 1 2 0 0 
2 1 1 4 1 3 3 1 2 3 1 1 3 1 4 2 2 4 4 4 4 0 4 1 1 1 0 3 1 2 0 4 0 2 3 2 2 4 1 4 3 4 2 2 2 0 0 3 3 4 2 3 2 3 0 3 0 2 1 3 4 3 3 1 4 3 3 1 4 1 3 1 4 2 4 0 1 0 3 4 4 3 2 2 0 0 3 4 2 0 1 1 1 3 3 0 2 0 1 3 2 4 2 1 1 3 1 4 2 0 3 3 2 0 2 2 0 0 4 3 1 2 4 4 2 2 1 1 4 4 3 0 4 1 1 4 3 1 3 0 4 1 3 1 1 1 0 0 2 3 3 3 
4 4 3 0 0 4 2 4 4 2 1 3 2 4 2 3 2 2 3 4 1 3 0 0 3 3 0 0 0 2 0 1 2 0 1 3 0 1 1 4 4 1 1 0 4 0 3 1 1 2 2 0 0 4 3 3 1 0 0 4 1 3 3 3 0 1 4 2 0 3 4 0 0 2 4 0 1 2 2 3 3 0 0 3 1 2 4 3 0 2 3 4 3 3 4 1 4 3 0 0 4 3 0 3 1 3 3 0 0 2 4 4 2 1 1 0 2 1 3 1 0 0 4 2 0 1 4 2 4 4 1 1 4 4 4 3 0 3 2 2 2 3 3 1 4 1 3 2 0 3 0 3 
3 3 2 4 2 1 1 3 4 1 0 2 2 4 2 4 0 2 3 0 0 4 0 2 4 1 1 4 3 4 0 0 4 4 0 4 4 4 1 1 2 0 1 0 4 0 0 0 0 1 0 3 1 3 3 2 3 2 4 0 1 2 2 2 3 1 1 4 3 4 4 2 2 0 1 4 3 1 0 2 2 2 4 2 0 1 0 4 1 2 0 0 2 4 3 4 3 1 3 3 3 1 1 4 1 3 2 3 0 1 2 0 2 1 0 2 0 4 3 0 1 3 2 0 1 4 1 0 1 3 3 4 4 4 0 1 1 3 3 1 2 0 0 0 2 2 4 2 3 4 3 1 
4 4 1 3 1 2 4 2 3 3 2 0 4 2 4 2 3 3 0 0 4 0 3 4 0 3 4 0 2 4 2 0 0 0 2 4 1 2 3 1 1 4 4 1 2 3 1 4 2 0 0 3 4 4 1 3 2 2 3 0 3 2 0 3 0 1 0 4 2 4 1 4 4 4 4 1 2 2 0 2 1 1 4 0 4 1 2 3 3 0 2 1 0 2 1 1 4 2 1 3 2 0 0 2 4 0 2 0 2 4 3 1 1 1 0 3 3 0 0 2 1 2 0 1 0 1 2 3 2 4 1 1 4 3 1 2 1 4 0 1 3 0 3 0 1 4 0 1 0 4 3 4 
1 3 3 1 2 2 0 4 4 3 1 0 1 1 0 1 0 1 4 3 4 4 4 2 0 0 4 0 3 2 0 0 1 1 0 1 3 4 0 4 0 1 4 1 4 1 1 0 3 1 4 1 2 1 1 1 0 2 2 3 3 2 2 0 0 0 1 3 1 2 3 3 0 4 3 4 4 3 1 1 4 3 0 0 0 4 0 0 2 4 2 1 3 2 2 2 2 1 0 3 1 1 3 4 3 4 3 4 3 4 0 1 4 0 0 0 3 4 1 0 2 1 1 0 1 4 0 4 3 3 0 1 1 2 3 3 0 2 1 4 4 2 3 1 4 2 3 2 4 4 0 2 
0 4 2 3 2 4 3 3 4 4 4 1 0 1 0 1 3 1 2 1 3 1 0 0 2 2 2 1 1 0 4 3 0 0 0 3 2 0 3 0 3 3 3 4 1 0 3 1 3 0 2 0 0 1 4 0 0 1 0 3 0 2 3 0 1 2 2 3 1 4 0 1 3 3 3 0 2 2 4 2 1 1 1 0 2 4 1 0 2 1 3 0 2 3 2 3 0 1 3 3 4 2 4 3 2 1 2 3 0 0 4 4 0 1 3 0 4 3 1 1 1 1 2 3 0 1 0 2 4 4 3 0 0 0 0 1 2 0 0 0 3 0 0 1 4 0 1 1 0 2 0 1 
3 1 0 3 1 4 0 3 0 4 2 2 0 0 3 3 2 2 0 0 0 4 4 4 4 1 0 0 3 3 4 0 1 1 0 0 3 2 4 0 2 0 2 4 2 0 1 2 3 2 0 4 0 0 2 4 1 0 2 0 1 2 0 2 3 4 0 2 1 3 0 4 3 4 1 4 4 1 1 0 0 0 1 3 3 3 2 0 0 1 3 3 2 2 1 0 1 4 3 0 0 1 2 2 0 1 2 2 3 1 4 0 2 1 0 4 0 0 3 2 4 0 0 1 1 3 1 3 4 3 1 0 3 1 1 1 3 1 3 2 3 2 3 1 0 0 2 4 4 1 1 0 
0 1 4 3 0 1 0 4 3 4 3 2 2 0 1 0 4 1 0 4 3 0 0 4 1 4 0 3 0 4 1 3 4 4 4 1 0 2 2 2 0 3 2 1 1 0 0 1 4 1 2 1 0 2 0 3 0 0 2 1 0 0 3 2 3 0 4 0 2 3 3 4 0 4 3 0 4 2 1 3 2 4 0 4 2 3 2 3 3 2 3 3 1 4 4 2 2 4 2 3 1 2 4 1 0 1 1 4 0 3 2 1 3 3 4 1 0 2 0 1 1 1 0 1 0 4 3 0 3 2 0 1 4 2 1 2 0 1 0 1 0 0 4 1 1 2 3 4 4 4 2 0 
2 0 1 2 2 1 3 3 4 2 4 3 3 4 1 0 1 4 2 1 2 4 2 4 0 2 0 2 2 3 1 4 4 2 0 1 3 2 3 0 1 0 4 0 4 3 3 1 4 2 4 3 4 0 3 4 1 4 3 3 2 2 4 0 4 4 4 2 2 2 4 4 3 1 4 0 4 2 1 1 3 2 0 2 2 1 3 3 3 1 0 0 2 1 1 3 0 2 1 4 4 4 2 4 4 4 4 0 3 1 2 3 3 3 0 0 2 2 0 2 1 4 1 2 2 1 4 1 0 4 3 0 1 1 3 1 1 4 4 3 1 4 4 4 2 0 2 4 2 0 3 0 
4 1 4 2 4 2 3 1 2 0 1 2 4 3 1 0 4 1 3 4 2 4 0 3 3 3 3 3 0 3 3 2 4 0 4 4 3 2 0 4 0 0 4 2 3 2 4 3 4 0 4 0 2 4 4 4 2 0 0 0 0 0 3 1 2 2 1 4 4 4 2 1 4 2 1 0 3 2 3 0 3 4 4 3 0 2 3 1 0 2 0 4 3 1 4 2 1 2 0 1 1 0 4 3 2 0 4 1 3 2 2 3 2 1 0 1 1 2 0 0 1 2 0 3 2 1 2 4 3 1 3 0 3 1 1 0 0 0 4 2 3 2 3 0 0 1 1 3 1 0 4 0 
1 4 3 2 1 0 0 3 2 2 0 4 1 0 1 1 4 2 2 3 2 1 3 4 2 3 4 0 2 1 3 3 1 2 4 0 0 0 1 3 1 1 0 0 3 2 4 1 2 4 2 3 4 2 1 1 3 0 1 3 4 1 0 1 2 1 2 2 4 2 1 3 1 3 3 2 4 1 1 1 0 4 3 3 2 0 2 4 2 2 3 3 4 2 1 1 2 4 0 1 0 3 4 1 0 1 1 3 3 3 0 2 0 2 0 2 0 0 4 2 3 1 0 0 2 4 0 1 3 0 4 1 4 0 0 1 0 4 0 1 4 3 1 4 3 2 2 3 1 3 0 1 
0 2 0 3 2 4 2 3 4 3 3 1 1 1 3 3 1 1 3 3 0 1 0 1 4 2 2 2 0 3 2 2 3 4 2 0 1 0 1 3 4 3 4 4 1 3 1 4 0 3 3 2 1 0 0 1 2 4 3 2 2 0 3 4 1 4 0 3 3 4 2 1 1 2 4 4 3 1 2 2 3 2 4 1 0 1 4 4 0 2 0 2 4 4 2 2 4 2 1 3 4 3 0 1 2 2 4 2 4 1 0 2 3 1 0 0 4 3 3 2 4 2 4 4 2 4 4 3 3 2 0 0 4 4 0 4 4 0 2 0 3 0 4 2 2 2 1 1 2 2 2 4 
1 4 3 0 1 3 2 0 3 1 1 0 1 4 0 2 2 3 0 4 3 4 3 4 0 2 4 0 0 2 2 0 3 1 3 4 2 1 2 4 1 3 1 2 1 1 3 3 2 2 3 4 0 4 2 4 3 2 1 2 2 3 0 4 2 4 0 0 4 0 2 2 4 2 4 0 3 4 4 4 2 2 1 0 4 3 4 3 2 1 3 4 0 3 2 3 0 2 3 0 4 2 2 1 2 3 3 3 4 0 0 3 0 3 3 2 1 3 3 4 0 2 3 0 4 1 1 4 1 0 1 1 2 4 3 1 4 2 2 0 1 2 1 1 2 0 1 2 2 3 2 4 
3 0 0 1 4 0 4 2 4 3 0 4 3 0 1 2 3 4 2 3 0 0 0 1 3 0 3 3 4 0 3 3 4 1 4 0 4 2 1 2 1 1 1 0 1 4 4 1 4 1 1 4 3 2 1 1 2 3 1 4 4 2 0 2 0 3 1 3 1 2 3 3 4 3 0 3 2 2 1 0 2 4 2 3 0 2 4 1 3 0 1 0 0 4 2 0 1 4 0 4 3 1 4 3 3 1 1 2 1 4 1 4 0 2 0 2 1 2 1 3 4 0 0 3 3 1 3 0 4 3 3 3 4 1 4 0 1 0 2 4 2 4 2 4 2 2 3 3 0 1 0 1 
0 2 0 2 4 3 4 2 3 0 2 0 3 2 2 3 3 2 0 4 1 3 0 0 1 0 0 4 1 1 1 1 4 1 1 3 0 3 0 3 1 2 2 0 2 1 0 3 0 0 1 0 0 2 3 1 1 0 1 1 1 0 4 0 3 3 4 4 3 2 0 0 4 3 0 4 1 2 4 2 4 4 4 0 4 2 1 4 0 3 3 1 3 4 0 1 1 4 0 1 2 4 3 0 1 4 0 4 1 2 3 2 2 4 3 4 4 4 2 1 2 3 3 4 1 0 2 2 3 0 4 4 1 3 4 4 1 3 4 1 2 2 4 1 0 2 2 4 2 2 3 3 
1 4 4 4 2 0 4 4 0 3 3 2 4 3 1 4 4 3 1 4 4 4 4 4 1 4 1 0 2 0 2 2 4 4 1 4 3 3 1 1 2 1 3 0 4 4 2 3 1 3 3 0 4 2 4 1 2 1 0 0 0 4 2 0 0 2 1 0 3 3 0 1 3 1 0 2 3 2 1 0 2 0 3 1 4 2 1 4 1 0 2 4 1 3 2 0 2 4 2 1 1 3 3 1 4 1 4 3 2 4 0 1 1 0 3 0 2 4 4 1 0 3 1 3 1 3 0 3 4 1 3 1 2 3 2 0 3 3 1 4 2 4 1 2 0 1 3 0 4 4 1 3 
0 0 0 0 3 3 0 1 3 0 2 2 3 3 3 4 3 3 2 4 2 4 2 2 1 3 1 4 1 1 2 1 4 2 2 0 4 3 0 2 3 3 3 1 2 4 1 4 4 1 0 0 4 3 1 1 2 4 2 3 2 1 0 2 3 2 1 4 3 4 1 0 0 4 0 2 2 2 0 4 0 3 1 1 0 1 1 0 1 4 0 1 1 3 2 0 0 2 3 1 0 4 0 3 3 3 4 1 0 4 1 1 4 0 0 4 3 1 4 2 3 0 3 1 2 1 1 4 2 1 3 0 1 2 1 0 4 1 4 1 4 4 1 2 0 1 3 4 4 3 2 4 
0 3 3 2 4 3 1 0 3 0 4 3 2 4 2 2 1 0 4 1 2 0 3 0 3 4 1 0 4 0 3 1 2 0 0 2 4 2 1 1 4 2 4 2 1 4 1 1 3 3 0 1 0 3 2 2 1 2 3 4 4 0 2 0 2 2 3 0 3 3 0 1 1 2 1 0 3 0 3 2 2 3 0 3 4 3 2 4 1 1 2 1 2 4 2 1 4 0 2 0 4 2 0 4 2 3 4 0 4 0 2 0 4 3 1 4 2 3 3 4 2 1 1 1 2 2 4 2 2 2 4 1 1 4 3 2 4 0 3 1 0 3 4 4 0 3 4 1 4 2 1 3 
1 4 3 2 3 0 0 2 1 2 2 0 0 0 1 1 1 3 3 4 0 3 0 2 2 4 1 1 0 0 1 0 0 2 2 0 1 4 4 1 1 2 3 0 1 3 3 2 2 2 2 2 3 1 1 4 0 1 2 4 3 1 4 3 3 4 2 0 3 1 0 2 0 0 4 3 1 0 1 3 3 3 3 0 2 1 3 4 0 0 2 4 1 2 3 0 0 3 4 0 0 2 1 3 4 0 3 3 4 2 1 3 1 1 2 0 2 3 0 0 2 3 3 1 4 3 1 2 3 0 1 2 3 3 0 3 4 0 4 1 1 2 3 2 2 1 0 3 0 4 0 4 
0 1 2 4 0 4 0 3 4 1 1 0 2 1 2 4 1 1 1 2 4 1 1 0 3 3 0 4 0 2 1 2 4 3 1 1 4 4 4 1 2 3 4 0 2 4 3 3 0 2 0 2 3 4 3 3 1 1 0 1 2 0 1 2 0 2 2 3 1 2 0 4 0 4 2 2 1 3 1 3 0 0 1 2 0 3 3 4 0 3 1 2 1 3 4 0 4 0 4 1 4 3 4 1 0 4 2 0 3 4 2 4 4 0 3 3 3 2 3 4 2 3 3 3 1 3 1 4 0 0 0 4 4 3 3 2 1 2 3 4 4 2 4 0 3 4 1 3 1 3 0 0 
0 4 1 3 1 2 0 1 4 3 4 3 4 1 0 0 2 1 2 1 0 0 0 4 3 2 0 0 1 1 1 3 0 4 3 1 2 3 2 2 4 0 3 2 3 4 3 3 4 0 0 3 4 4 4 3 0 3 3 3 4 2 0 2 2 4 3 1 2 0 2 1 0 4 0 2 2 2 2 0 0 3 4 4 0 2 1 1 4 3 4 2 4 3 0 1 2 3 1 3 3 0 0 3 3 0 3 3 1 3 2 4 1 4 2 4 4 0 3 3 4 1 2 1 1 3 1 0 0 3 1 0 4 3 1 1 1 0 4 3 3 3 1 1 4 4 4 2 0 1 4 1 
1 3 4 3 1 1 0 4 2 0 1 2 4 1 4 4 1 1 4 4 0 3 1 2 1 0 3 1 4 0 0 4 4 2 3 2 3 4 4 2 0 0 2 3 0 3 0 3 3 2 0 4 4 4 2 2 3 1 4 3 4 4 1 3 3 0 3 2 2 4 1 4 2 1 2 2 0 4 0 4 3 2 4 2 4 4 0 0 1 1 1 0 2 0 2 0 1 2 2 3 3 1 2 2 4 3 1 4 0 3 0 0 2 0 4 2 2 1 2 4 1 1 1 4 0 3 0 4 3 1 0 3 3 0 3 1 1 3 0 3 2 1 1 0 4 0 4 4 2 0 4 4 
3 4 1 2 0 4 4 1 3 2 4 2 1 4 3 2 4 0 3 2 4 0 4 0 3 2 3 1 1 1 2 3 1 3 2 4 0 3 2 1 3 4 2 0 1 4 2 2 4 3 1 1 2 3 1 0 2 4 1 4 4 2 2 0 4 3 1 0 3 2 1 0 2 2 0 4 3 1 1 4 3 2 1 0 1 2 2 0 1 2 0 2 3 3 3 0 0 0 0 0 0 2 1 0 1 1 1 4 0 2 4 0 4 3 0 2 2 3 2 3 4 1 4 0 1 3 0 0 2 1 3 0 4 2 4 0 0 0 1 2 3 4 3 0 4 0 0 1 0 4 3 2 
3 2 2 2 2 4 0 2 1 3 4 0 3 3 0 4 0 4 0 3 1 0 2 0 0 2 3 2 2 2 1 4 3 0 4 0 2 2 4 0 1 3 3 1 2 1 1 1 1 3 2 1 1 4 0 3 3 4 1 3 1 2 0 0 0 1 2 1 4 1 4 3 1 2 0 1 3 1 3 3 1 1 3 0 0 3 1 0 1 2 2 0 2 1 2 3 0 4 2 1 3 2 4 4 3 4 3 2 0 4 3 4 2 0 2 2 2 3 2 1 4 2 1 4 4 2 4 2 0 4 1 1 3 3 0 4 1 3 4 4 2 4 2 4 2 2 3 4 0 4 0 2 
2 1 1 1 0 3 0 1 4 3 1 3 2 2 0 0 1 3 4 1 3 2 2 2 2 3 2 3 2 4 1 0 4 1 4 1 1 2 0 0 3 1 2 0 4 0 1 0 1 1 2 1 1 4 0 1 2 1 3 3 2 1 0 2 0 4 4 1 3 2 1 1 0 4 1 4 3 1 2 4 2 1 4 4 4 0 3 3 2 1 3 1 3 2 0 4 2 4 1 4 4 0 4 2 4 1 1 4 3 4 2 3 4 1 0 4 3 1 0 4 4 3 3 1 1 1 1 3 2 2 4 1 4 4 1 2 0 1 3 2 2 2 0 3 1 2 2 4 2 1 2 1 
1 3 1 1 4 2 2 0 2 4 4 1 0 1 0 1 4 2 2 1 1 3 0 0 1 2 4 1 1 3 2 3 2 0 4 2 0 1 3 1 1 2 2 2 2 0 4 0 2 2 2 3 3 1 1 4 2 0 4 2 3 0 4 4 0 3 1 4 3 3 4 0 4 0 0 2 4 3 0 4 2 2 3 3 1 2 4 1 2 0 1 4 3 0 2 1 1 2 4 0 0 1 2 1 2 1 1 1 2 3 3 0 2 0 1 0 0 0 2 0 0 1 0 4 1 0 2 2 4 2 3 4 0 2 3 0 3 4 3 2 0 1 4 4 3 4 2 2 2 2 3 4 
0 3 3 1 4 3 2 0 3 1 3 2 0 2 2 1 2 4 2 4 1 2 1 4 3 3 2 0 0 1 2 3 2 0 1 0 0 2 1 3 1 2 4 4 4 1 0 3 2 4 0 0 2 2 0 2 0 4 4 0 3 3 3 2 2 1 2 0 0 3 4 0 4 4 2 0 0 0 1 2 4 4 0 4 3 2 3 4 0 4 2 1 0 0 3 0 4 1 2 4 2 3 2 1 4 3 1 2 3 2 4 4 2 1 3 0 1 1 1 4 0 1 1 1 4 1 2 4 4 2 2 0 4 0 4 4 0 3 0 0 2 3 2 2 0 0 0 1 1 0 2 2 
4 0 2 3 0 3 1 1 0 0 2 0 1 4 0 0 0 1 1 4 4 3 0 4 1 1 3 4 0 4 4 3 2 4 4 0 0 2 3 0 1 4 0 3 2 2 2 4 2 1 2 2 4 3 0 4 3 3 4 0 0 1 4 1 2 3 4 1 3 3 4 0 2 3 1 1 0 3 1 1 0 3 0 1 1 0 3 4 1 4 1 0 4 1 4 4 3 4 4 4 4 4 1 0 1 4 4 4 1 4 4 0 1 0 4 3 3 1 2 0 2 0 2 4 2 0 3 4 2 3 2 4 4 3 0 3 3 1 4 3 4 0 2 0 1 3 4 2 3 0 0 4 
4 0 0 4 1 3 4 1 1 0 4 1 0 1 1 3 4 0 0 4 4 0 4 1 3 3 0 3 4 4 2 0 1 3 2 4 4 4 1 1 3 3 4 0 2 1 1 1 1 3 1 3 1 1 0 3 1 1 2 1 4 4 0 3 0 1 3 1 1 3 1 4 1 0 3 2 4 1 3 3 1 1 1 3 3 1 2 3 2 3 0 3 0 0 4 2 1 3 3 4 1 0 4 2 0 2 0 4 4 2 0 1 4 0 3 1 2 0 0 3 4 2 2 0 3 2 4 4 4 0 4 0 0 1 1 4 0 1 2 1 0 2 4 4 3 1 2 3 3 1 1 0 
4 4 0 2 2 4 0 1 1 0 0 2 1 1 4 4 0 1 2 3 0 1 1 1 1 3 3 2 2 4 3 3 1 0 4 0 1 4 0 1 0 1 2 0 4 0 4 1 3 1 1 1 1 3 1 0 3 1 4 2 2 0 3 1 1 1 0 0 2 3 3 1 0 1 4 4 3 3 1 1 0 2 4 1 3 1 2 2 3 0 1 2 4 0 2 2 3 4 0 4 3 4 0 1 4 3 1 2 3 4 1 0 3 3 2 0 0 3 0 4 2 4 4 2 0 3 2 1 0 0 3 0 3 4 4 4 2 3 2 2 0 0 4 4 0 0 2 0 2 4 1 0 
2 0 2 0 1 4 4 3 3 4 3 3 4 1 4 0 1 4 1 3 2 4 2 3 1 1 1 4 3 3 4 0 0 0 3 2 0 1 0 3 0 3 2 2 2 1 0 2 2 0 1 0 4 3 1 2 2 2 1 1 3 0 0 1 2 4 2 0 4 3 3 2 3 0 1 2 4 0 3 0 3 0 4 2 3 3 3 4 2 0 3 1 0 3 4 0 3 2 3 1 3 3 4 4 4 1 4 2 2 1 4 0 3 3 1 1 1 4 1 0 1 0 4 0 0 4 0 2 4 2 2 3 3 3 4 2 3 1 2 3 2 1 3 1 4 3 2 3 4 1 2 0 
4 4 2 0 1 1 3 2 0 2 0 2 2 4 2 0 3 3 0 0 0 4 3 4 0 2 2 3 4 3 3 4 3 1 0 4 3 3 4 3 3 3 2 1 2 3 1 0 2 3 0 3 0 3 3 1 3 4 1 4 3 3 1 0 0 3 1 3 2 2 2 2 4 1 4 2 0 0 3 1 0 1 1 0 1 2 2 0 4 3 3 1 3 3 2 3 1 3 2 2 1 3 3 2 0 0 1 2 2 4 3 1 2 2 4 2 1 0 0 3 2 3 4 0 2 4 0 1 4 0 1 4 0 1 4 2 1 2 1 4 3 4 2 3 2 1 1 0 0 2 3 2 
4 3 4 4 2 3 1 0 2 2 1 3 2 0 0 4 3 4 2 1 1 0 3 1 1 2 2 3 0 4 1 0 1 4 1 1 3 3 1 1 4 2 3 2 1 0 1 1 0 4 4 0 1 0 0 0 3 0 2 2 4 1 2 4 3 3 0 2 1 3 0 3 3 0 3 0 0 0 4 2 3 4 0 2 1 1 3 4 0 3 2 3 3 1 3 1 3 3 0 1 2 0 0 2 3 3 2 3 0 2 0 0 4 3 1 3 3 4 4 0 3 3 3 4 0 1 1 3 2 3 1 0 4 2 0 2 4 4 2 2 4 4 2 4 1 2 0 3 3 3 0 0 
2 4 3 3 1 2 2 3 2 3 3 0 3 0 1 3 1 2 0 1 1 2 1 3 0 1 1 2 0 2 0 2 4 2 0 2 2 0 2 0 1 1 1 2 3 1 4 0 4 0 3 3 1 3 1 2 0 1 1 1 3 0 0 1 0 1 1 4 0 0 0 4 4 3 2 4 3 1 1 3 4 2 0 1 1 4 0 4 3 1 1 0 0 4 3 3 3 0 1 4 0 0 1 0 3 0 2 0 0 1 3 2 1 3 4 2 4 4 1 2 3 4 0 3 3 4 0 0 2 1 4 0 2 3 1 1 2 0 1 1 0 3 4 0 3 3 2 4 2 2 1 4 
3 0 0 4 0 2 4 4 1 4 4 1 0 3 3 2 3 1 0 4 4 1 3 4 4 2 4 0 1 2 0 4 1 4 1 0 3 0 0 0 2 0 2 0 0 3 1 0 1 1 0 4 2 0 1 4 4 3 1 4 0 2 0 2 2 0 4 0 0 3 2 1 2 4 4 4 4 2 1 2 3 0 2 2 2 1 0 0 1 3 4 3 0 2 4 3 3 2 3 1 2 2 0 4 3 1 4 1 4 0 3 2 2 2 4 2 1 3 0 2 2 1 3 4 1 2 2 1 1 0 2 3 4 3 1 3 2 2 1 1 3 2 1 2 2 0 0 1 2 4 0 1 
0 3 4 3 4 4 0 1 4 3 4 2 1 1 1 4 2 4 2 3 1 3 2 3 4 3 4 4 1 2 2 2 3 0 0 4 4 3 1 3 0 2 3 3 1 4 3 4 1 2 3 3 4 0 2 2 0 1 1 1 1 2 4 4 2 0 1 0 4 4 3 1 2 3 0 4 1 1 0 2 0 0 1 2 0 0 3 3 1 4 4 1 1 0 2 0 3 0 2 3 2 0 4 0 3 1 2 4 3 0 2 2 2 3 3 4 1 3 4 4 2 2 3 1 0 3 1 3 2 3 0 0 4 1 0 1 1 2 2 4 4 0 2 2 1 4 0 3 1 2 2 0 
1 4 0 4 0 2 4 2 3 2 3 2 3 3 3 1 0 0 1 2 4 1 0 2 4 4 4 1 0 0 4 1 0 0 0 1 0 2 3 2 0 4 3 3 1 4 1 3 1 4 4 1 4 4 3 4 1 1 2 2 0 2 0 4 4 3 3 0 2 0 2 3 3 1 2 1 4 1 4 2 1 1 3 4 0 2 3 1 3 1 0 3 1 0 0 2 2 3 3 1 2 3 2 2 3 3 1 4 2 2 3 4 2 0 4 2 1 2 4 0 0 0 1 0 4 1 3 2 1 1 1 0 1 1 1 4 2 4 0 2 3 1 2 3 0 4 0 0 2 4 0 2 
1 1 0 4 0 1 0 0 3 4 1 4 4 2 4 3 1 3 3 1 1 2 4 0 3 3 3 0 1 4 1 3 2 1 3 3 0 3 0 0 4 1 2 2 3 2 1 2 2 3 4 0 0 4 2 3 3 2 4 0 3 3 4 4 1 3 3 3 3 3 3 2 3 2 3 4 0 3 1 1 2 1 3 3 0 2 3 4 0 2 1 1 4 1 0 2 0 1 4 4 4 3 4 2 0 2 0 4 2 1 2 2 3 0 3 3 4 3 3 2 3 3 3 1 1 4 3 2 1 4 2 4 1 3 2 4 0 4 2 0 1 0 4 0 0 1 3 3 3 4 0 4 
0 4 0 0 0 3 0 2 0 3 2 4 0 1 1 0 4 3 3 0 2 0 2 4 1 2 3 1 1 1 1 3 4 0 2 3 2 2 3 2 0 4 0 2 1 4 0 3 0 4 4 4 3 2 0 4 3 3 2 3 1 2 0 2 1 2 4 4 2 2 1 4 1 4 2 0 3 2 1 0 4 1 1 3 3 0 4 0 3 4 2 2 4 1 1 3 0 3 4 3 3 0 2 3 2 2 1 1 2 3 2 2 1 1 4 3 3 4 2 0 0 4 1 3 3 4 2 3 3 3 0 1 0 4 3 2 0 0 1 4 0 4 4 0 2 1 4 4 1 0 1 4

